2.96066231558861
17.6008049008621
40.9094019873844
75.6955462894517
121.819777018429
179.113835834165
247.383583940652
326.412491002848
415.965616542025
515.793993363156
625.639313431714
745.238809745087
874.33022329154
1012.65674225866
1159.97180128734
1316.04363175187
1480.65945970961
1653.62925617549
1834.78895455614
2024.00306219326
2221.16660674104
2426.20637322511
2639.08140375605
2859.78274863304
3088.33247459154
3324.78195283592
3569.20946587002
3821.7171876234
4082.42760561709
4351.47946659492
4629.02333787862
4915.21688543849
5210.21997611014
5514.18971538353
5827.2755336536
6149.61443271887
6481.32650066974
6822.51079720624
7173.24170300285
7533.56581618836
7903.499466571
8283.02690419604
8672.09920349353
9070.63390800787
9478.51542386579
9895.59615312014
10321.6983412893
10756.6165971779
11202.2048925783
11654.969158378
12115.7635870499
12585.1940880468
13061.064010144
13544.1158698076
14033.1845442486
14528.9163450425
15031.0494110493
15539.3379184485
16053.5560178942
16573.5013031491
17098.9977322893
17629.8979375326
18167.3851117851
18709.4014622591
19256.571653714
19809.5206650357
20366.9883562659
20929.6505621654
21496.9171355199
22069.5127657984
22647.5348406474
23231.0947357252
23820.3134720062
24415.3171435067
25016.2322194979
25623.1808280978
26236.2761285779
26855.6178777094
27481.2882910381
28113.3482932738
28751.8342431431
29396.7552072646
30048.0908451256
30705.7899533454
31369.7697024256
32039.9155834438
32716.0820660082
33398.093952628
34085.748398817
34778.8175531238
35477.0517571848
36180.1832331718
36887.930174927
37600.0011499036
38316.0997119688
39035.9291203339
39759.9858686244
40486.6866736812
41216.5636407946
41948.9710107339
42683.6992717971
43420.3182278158
44158.7051146307
45203.6068002971
45947.3555190614
46794.5258286995
47541.1304075948
48289.1453765809
49038.9873597997
50129.157434472
51227.8493148239
52098.9045519179
52972.9490382518
53733.5255419631
54495.8588936043
55260.561069553
56407.6586625672
57178.5553846594
58078.4834809536
58852.7861042533
59629.4914848761
60408.6251707747
61190.1904029742
62400.8290551626
63189.269606753
64122.1746891309
64913.9904635111
65707.8175959541
66503.4975943492
67768.1593852854
69040.492049971
70000.1850994535
70960.8895618011
71764.8709060464
72569.1690279761
73881.136504533
75199.7904307301
76695.7034114761
78198.5597898409
79179.7122875725
80698.7813416095
82047.7165460223
83581.006304299
85123.1056034466
86671.2264117015
88227.0078180814
89788.6749579141
91356.1931553687
92930.3783559438
94511.2232482071
96098.7439523124
97692.977774841
99293.9805255468
100903.554046131
102519.225096799
104142.817233638
105772.658491597
107408.817544033
109052.264687516
110703.079457095
112361.32944197
114027.066572532
115700.323826599
117381.11243594
119069.419690209
120765.207190373
122468.409600971
124180.734517632
125899.294848886
127624.880067733
129358.112599596
131097.088891103
132842.487295357
134593.279171788
136350.036071804
138112.496924855
139880.392435092
141654.670717489
143433.107346077
145216.130457744
147003.946844926
148794.786937779
150589.506384588
152387.888254334
154189.73536874
155994.872498793
157803.148131913
159614.435737784
161429.343196942
163246.710385093
165066.865120396
166890.125054643
168715.805287755
170544.26480589
172375.184768579
174208.950805409
176045.612367798
177885.224853966
179727.84601958
181573.532268869
183423.124596564
185275.492933061
187131.446308464
188990.592457489
190852.519231971
192717.20002751
194584.984943529
196455.80115479
198329.55102036
200206.111644437
202085.335033422
203967.048880538
205851.057924652
207737.145867142
209625.077704634
211514.602285788
213405.455164464
215297.362075966
217190.042767111
219083.214497125
220976.595505173
222869.908848351
224762.886194922
226655.271248805
228546.822828928
230437.317615303
232326.55248833
234214.346558088
236100.542689684
237985.008051176
239867.634064788
241748.336228566
243627.053496598
245503.746965125
247378.397974978
249251.005749325
251121.584582303
252990.160668345
254856.768913724
256721.449563532
258584.244137267
260445.19129668
262304.323288703
264161.662634644
266017.218868491
267870.985491615
269722.937292878
271573.028079465
273421.188853684
275267.326514302
277111.323340995
278953.037033336
280792.30072534
282628.923554771
284462.692351
286293.373888351
288120.717345359
289944.457089697
291764.31584114
293580.008140728
295391.244025899
297197.732778216
298999.186617434
300795.324298479
302585.874629034
304370.57983035
306149.198556805
307921.508502192
309687.308594901
311446.420700718
313198.69077569
314943.98949066
316680.423548152
318411.477218244
320135.325337109
321851.933719084
323561.287693015
325263.389552506
326958.255651478
328645.913210899
330326.396869629
331999.745070076
333665.996380255
335325.185783041
336977.340987767
338620.725379255
340258.845781086
341888.167349821
343511.281526645
345126.352978292
346735.089197197
348335.54710118
349929.429976381
351514.715086775
353092.136611046
354662.524003395
356223.608897444
357778.323412251
359322.148016119
360859.217621007
362384.736436209
363901.858669161
365409.213305214
366905.192686534
368392.067987523
370205.511231747
372017.640982913
373938.301066268
375512.464841497
377079.007837505
378517.903929509
380326.341111387
382131.715781155
384059.205991896
385984.535293034
387907.097383909
389434.051788231
391355.962724596
393145.645936576
395066.24298384
396984.748564361
398900.866008335
400813.994861885
402725.018346141
404633.313685171
406539.457688039
408443.416504867
410344.833613889
412243.642070005
414139.760118217
416032.365812315
417922.37757857
419808.934048164
421692.665754038
423573.452964702
425450.742486487
427324.358323103
429194.115801535
431059.823611981
432921.285821954
434778.303932631
436629.469073686
438476.315532239
440317.445301305
442153.956212072
443985.718720417
445811.925377662
447632.420199786
449447.059432032
451255.71252092
453058.262907226
454854.608539842
456643.070036884
458425.934785646
460201.558141024
461971.50635091
463735.754228662
465493.466247413
467244.62042185
468989.200387515
470727.193558376
472458.589162876
474183.375873827
475901.539399708
477613.060451426
479317.913024704
481016.062758858
482707.465145073
484392.063935096
486069.790092471
487740.561064226
489404.280248857
491059.015055297
492707.312178354
494348.160867805
495982.346408335
497606.806993405
499224.258882932
500833.584667107
502435.619506566
504029.168875885
505614.036183494
507190.023418597
508756.933045552
510314.570206143
511862.744834415
513401.273528045
514929.981279738
516448.703048571
517957.285107898
519455.58612768
520943.478086408
522420.846838677
523887.591967612
525343.626403467
526788.87619715
528223.279977812
529646.787919887
531059.36043228
532460.966620386
533851.582529243
535231.189269636
536599.771223888
537957.314133025
539303.802702881
540639.218287319
541963.537092443
543276.72849799
544578.753359687
545869.562474391
547149.095274412
548417.27879008
549674.026939658
550919.240153571
552152.805285169
553374.595802171
554584.472282752
555782.283202782
556967.866003779
558141.048452647
559301.650234727
560449.484672412
561584.360773334
562706.085424686
563814.465099192
564909.307538688
565990.423942344
567057.631197526
568110.75384552
569149.625775641
570174.091645317
571184.008053495
572179.244467974
573159.683899053
574125.223310214
575075.773719242
576011.259952569
576931.620083153
577836.804613771
578722.965591939
579597.691775705
580457.160978057
581301.361207401
582130.285096072
582943.92793701
583742.285611507
584525.352469445
585293.119244416
586045.571094194
586782.685840079
587504.432413428
588210.769493596
588901.644358316
589576.99194803
590236.734176239
590880.779599711
591509.02346514
592121.348031577
592717.62315047
593293.62141309
593855.24906121
594398.255948356
594926.621351082
595435.961017984
595930.33300767
596405.308635862
596862.832964629
597302.739626453
597724.868938961
598129.069509945
598515.199620616
598885.418828407
599418.165502998
599777.561063779
600182.726477991
600510.394023337
601300.331631369
602081.392474602
602530.156553624
602963.323740542
603216.958732929
603796.249892698
604554.958872404
605417.404940759
606330.02189068
606718.656443147
607093.434177042
607818.469751248
608537.800600563
609423.971094842
610300.449162403
611168.48674074
612028.121125866
612878.186727649
613716.345587983
614467.23542329
615294.936485019
616088.720635384
616901.604879888
617706.035945403
618500.7433728
619283.157081604
620015.196688942
620786.251618695
621536.41749125
622292.447075286
623037.921001546
623752.647985944
624483.854984895
625200.130262158
625913.229741442
626611.853725509
627309.638603933
627993.446526504
628671.781176201
629337.151737954
630015.80989704
630663.668714442
631338.800079476
631971.578355908
632605.041983328
633218.062206792
633865.948305898
634460.438104244
635112.397381751
635691.172827347
636278.210180968
636899.34592662
637452.647026407
638083.565323602
638621.346089947
639242.286640025
639766.284428952
640377.764419574
640888.039855609
641490.542036813
641987.081727442
642498.73672013
643065.479797461
643535.133657629
644122.75216255
644673.622921771
645157.078358419
645389.265914596
645846.091055198
646216.156051553
646658.918289173
647199.61095215
647621.866675474
647877.704070707
648298.445994814
648447.287653871
648874.825223803
649226.515308539
649632.738830422
650025.03702109
650264.687962664
650651.8923097
650840.988826236
651230.3061772
651707.179510832
652082.483462837
652366.822359998
652738.129530145
653059.182079531
653302.099693189
653661.353921794
653864.542684883
654224.509698265
654539.499838341
654878.982120398
655136.671273961
655467.420557964
655700.890003198
656032.851815005
656264.766175747
656600.223569702
656831.089183448
657170.023976589
657476.540177304
657743.790402908
658071.08851253
658320.317006991
658648.492676915
658951.267738895
659258.42298606
659548.032489143
659833.275516507
660137.562348376
660437.773036869
660729.990212596
661031.023993774
661322.431116942
661621.814970677
661912.258215878
662216.666464729
662499.287465199
662812.654535763
663091.974687636
663369.659239006
663685.419167835
663943.51927111
664279.035936863
664535.144897789
664872.11663247
665125.905179627
665464.610088686
665715.772148586
665977.844140055
666306.606424127
666534.504262914
666898.191937936
667123.163023288
667489.974209284
667711.949248233
668082.396958107
668301.270548326
668675.907672576
668891.52260974
669270.910266139
669483.046753963
669728.305416704
670081.708045544
670271.76418432
670684.030683374
671179.286823908
671579.606129933
672166.574975146
672402.761586527
672670.760837246
673025.985354399
673182.249207473
673607.736577516
674080.975843074
674495.357299348
674754.203571226
674964.10688905
675326.163844721
675788.506302204
676214.02962425
676769.477337813
677282.315272823
677503.736399558
677710.874829426
678066.360358769
678419.818786577
678923.041936233
679419.52880442
679924.77858704
680358.418122949
680846.613909126
681303.791089106
681770.820715108
682177.064407142
682627.663189937
683050.617995819
683477.557763083
683860.483605767
684271.952854222
684629.185249406
685029.020474481
685409.120856603
685790.965489946
686140.215946401
686505.864187727
686835.569848933
687188.399132557
687524.900596399
687856.413627291
688174.916097738
688491.13328491
688795.748240719
689099.447692903
689391.097998288
689681.556850309
689960.41896065
690236.663796588
690499.179014866
690763.649171277
691010.897456398
691261.264861227
691492.464917256
691728.465888093
691942.921279872
692148.89378298
692362.462266302
692544.259758932
692750.396830816
692937.870844079
693104.985839332
693282.898749676
693426.708399488
693590.639753895
693716.600661758
693867.021847456
693999.542393393
694111.265106972
694235.883165251
694324.684644584
694369.826656567
694459.886511283
694551.331778531
694632.244183831
694735.245698975
694823.642714298
694849.213030239
694929.549924304
694985.050665679
695046.503146488
695121.387832663
695190.466689894
695256.372916977
695273.292521768
695321.609156362
695352.043202182
695396.850030799
695435.518461298
695466.475224346
695476.860286337
695483.660894901
695490.225741254
695490.450167878
695501.335578625
695510.616360708
695506.407971359
695510.239947933
695501.617584658
695504.558203007
695498.812129095
695498.664114107
695495.412612486
695492.397675967
695491.285788942
695485.650429011
695486.359887144
695478.378014826
695480.634949793
695470.605123892
695474.178642688
695462.419069716
695467.12014038
695453.966720784
695459.64371596
695445.44316837
695451.971634145
695443.766798626
695443.970590847
695431.901810126
695436.110712705
695424.99772255
695428.883478006
695418.762575381
695422.488055771
695413.31660237
695417.076872107
695408.715513233
695412.741721859
695404.945282933
695409.505736446
695401.924654008
695407.322891894
695399.513616205
695406.082635905
695397.525671706
695405.619406697
695395.743644787
695405.726486077
695393.93736853
695406.1730383
695403.789066645
695404.818758414
695401.414750172
695401.861796457
695401.922874516
695398.141016273
695402.115149184
695403.123855355
695392.680095903
695388.776543009
695375.446414087
695363.581026153
695363.771709578
695371.726527828
695373.955290502
695365.954875291
695350.471058046
695337.341508195
695348.704829202
695355.252741844
695367.234339084
695368.647672173
695355.88276219
695354.977230249
695330.54351781
695336.398314367
695347.594293779
695359.105834814
695362.45699869
695348.789767309
695347.207325083
695323.25835201
695328.936760505
695339.054633801
695349.024963252
695350.183360016
695332.932904291
695331.998780156
695308.904854093
695317.281953604
695325.449446787
695333.271210873
695330.334653571
695321.408576104
695302.505855711
695304.490193739
695302.644741353
695299.63668903
695288.2214634
695271.560053251
695271.867290972
695269.293010319
695267.16543008
695253.073771678
695239.286804203
695235.74781863
695237.193737169
695230.450813932
695221.074602508
695202.1099892
695203.550828262
695199.534440606
695197.648259026
695182.622919325
695168.880845044
695164.60804591
695164.795545068
695157.118047848
695139.49075004
695142.268594872
695145.0891232
695144.019332448
695137.814449448
695117.75776078
695121.197765275
695119.421581737
695118.137249915
695106.539254357
695089.796720567
695088.634340466
695086.365817312
695081.664910353
695060.43684312
695066.657110834
695065.394751719
695068.65122261
695057.607464397
695042.317719026
695039.922567106
695045.334919731
695046.477943209
695034.92571209
695019.529054029
695017.742585111
695007.467459872
695017.2114298
695022.811861739
695020.996023296
695017.509407333
694998.285238841
694999.869070311
694986.908015183
695000.225028407
695005.121972749
695005.674462051
695002.687830084
694988.878995029
694981.180030474
694954.636360737
694962.843804933
694958.876411669
694966.131130181
694961.221486319
694958.443147179
694947.412153478
694948.917903852
694943.188464623
694930.561773966
694915.658572845
694908.127657031
694904.302404537
694906.052601642
694901.227784087
694907.047508424
694910.827920157
694901.659958887
694898.595999886
694885.393754818
694880.380176865
694870.654203876
694863.464516084
694846.052405488
694842.215197152
694832.523915268
694836.943761438
694828.272987776
694834.929415666
694824.749450758
694833.120159445
694822.096236412
694831.652268675
694828.985488644
694833.025084679
694826.187076194
694835.157952937
694826.22419302
694835.766772689
694826.968496032
694837.235423486
694828.394607438
694839.478266491
694830.437233521
694842.385483417
694842.077200625
694847.770007175
694843.790039476
694853.150881197
694848.012510007
694856.194587583
694852.547029252
694859.214306651
694857.271827288
694862.114135075
694862.087484698
694864.824038367
694866.923459579
694867.303340306
694871.741366403
694869.541322082
694876.535106325
694871.554465075
694881.326964904
694873.380332253
694886.161050917
694875.070748576
694891.095502306
694892.166968997
694901.805138908
694898.165521636
694896.383036441
694887.425526755
694889.27288275
694875.930447577
694882.821590668
694880.393500941
694874.074834781
694862.861398106
694854.725831544
694839.370519723
694837.638492804
694826.34555969
694810.49449061
694806.557722749
694795.29120661
694790.667415955
694781.132225147
694763.04210487
694759.640942511
694749.161235818
694729.830085008
694728.954830011
694725.988681224
694720.241608137
694709.272378973
694684.518899314
694676.970677147
694658.834540261
694645.074159849
694653.393315516
694659.239635793
694661.885911919
694664.056340678
694656.633264319
694637.84827607
694635.932388538
694630.528866939
694623.479634681
694607.767481559
694588.825811449
694584.20619369
694575.993983007
694568.447596183
694546.256521888
694547.19392088
694542.652854277
694540.691252857
694527.948483979
694507.877951139
694506.900350908
694504.683353468
694501.580963837
694490.10889574
694469.363991367
694469.031822744
694468.077675176
694465.379946876
694456.087085942
694433.841561187
694435.391845235
694434.546630374
694432.673834192
694424.784175243
694400.975885231
694405.028028086
694400.717261432
694402.683156146
694392.234486395
694371.158775439
694370.853818325
694368.132757019
694365.479723615
694351.141183211
694334.174369155
694327.63392312
694328.440091119
694321.89000844
694305.445058946
694289.139321568
694282.581541235
694279.101427534
694268.639520597
694249.551043744
694241.038864044
694220.50499396
694202.989060264
694213.34062938
694221.022778275
694227.435912905
694232.779992975
694231.107355078
694216.50433467
694209.091821649
694182.9310619
694180.674438425
694186.702446389
694193.303297257
694186.296606408
694186.119048886
694167.110442215
694172.131598933
694164.037504727
694156.911155495
694137.188348103
694134.871619057
694123.3532284
694131.078454362
694119.480193537
694131.573810024
694129.787275976
694130.203139457
694128.066947643
694127.958448076
694129.024834497
694126.07647254
694129.923913188
694124.404281366
694130.625744552
694122.805447133
694131.023216625
694121.174976796
694131.052662708
694119.451413392
694130.701619222
694129.298971761
694131.675455144
694127.302175507
694132.034701575
694126.474402236
694129.986587511
694125.691722918
694128.114801779
694125.106770278
694126.621563671
694124.873426345
694125.718703394
694125.1376791
694125.610542755
694126.024291253
694126.474999195
694127.626004244
694128.448499931
694129.995933923
694131.613931792
694133.142223591
694135.99274613
694137.027050747
694141.543553683
694141.57021566
694148.165979271
694146.655719869
694155.709926886
694152.142325714
694163.987902633
694157.871893074
694172.786660416
694163.679773496
694181.885551195
694187.35297854
694191.02302073
694197.051199889
694211.348464033
694207.252362045
694211.074251331
694199.144732132
694206.947522399
694190.285214412
694202.761903836
694200.443468529
694202.383249876
694191.692788885
694186.849401467
694168.48981606
694170.102114463
694159.662931725
694149.927536073
694131.377339326
694126.639311735
694115.174649206
694121.562331463
694123.739199052
694117.80808527
694110.877967961
694090.940986656
694088.463746634
694074.361724089
694083.728824576
694084.679213692
694082.167653042
694073.742237468
694049.117529866
694038.97054375
694043.783290975
694052.48864859
694057.77566041
694057.861150229
694043.999433246
694026.851989081
694021.136666558
694023.226664665
694018.335110121
694004.256715302
693985.18906878
693980.319064215
693977.76321371
693968.15900829
693955.59169099
693934.862988775
693931.435228557
693924.059244028
693918.440071468
693900.761833034
693882.920756712
693876.935489051
693873.316936371
693865.154956939
693850.264597058
693830.317634836
693826.132016427
693822.033636076
693814.76302905
693800.363244682
693779.910033906
693776.490512411
693771.660243345
693764.939667176
693749.574294784
693729.895210253
693725.501046713
693719.864375813
693712.449550206
693688.135866427
693691.750340885
693687.181433458
693687.693069384
693673.053244794
693655.865253917
693654.413030524
693650.423331833
693644.794041999
693629.288851213
693611.471559395
693603.720965947
693602.369501064
693593.605169837
693574.249644315
693567.723902925
693544.505010372
693527.233902956
693538.254290208
693547.425446345
693553.91060589
693562.018353794
693559.482614633
693545.685558903
693539.291237028
693524.84028254
693505.088586053
693499.468425409
693503.03017211
693493.435340726
693495.363968759
693475.787676883
693484.821298003
693479.822043253
693476.642063549
693463.206400072
693440.962147319
693437.284982144
693427.66595816
693421.942743731
693414.130432108
693412.287657495
693398.713597818
693390.000567501
693369.386526532
693366.43682408
693351.095830227
693335.797354664
693320.110127921
693299.967071312
693301.797449859
693296.967597689
693289.682173386
693286.36422805
693276.619019725
693275.332153844
693263.547964515
693263.895631499
693250.398930442
693252.02933514
693237.144910834
693239.762661146
693223.808868831
693227.177387224
693210.461328539
693214.400717782
693203.504642496
693201.362139623
693186.315076168
693188.382496786
693174.019723224
693175.813738833
693162.230710945
693163.844465226
693151.08161157
693152.650506498
693140.668760721
693142.379689555
693131.041410075
693133.137361502
693122.197536138
693124.97737747
693114.084863454
693117.89764637
693106.60505311
693111.839146842
693099.620790817
693106.689917948
693092.966849896
693102.294118487
693097.33540025
693096.637421195
693090.51705337
693089.861630359
693087.364518307
693082.722672544
693084.346448382
693075.113876053
693081.254311482
693066.969285714
693077.907383695
693075.117377291
693070.807882075
693069.609534799
693061.130614593
693065.314391229
693066.774537968
693057.874459134
693049.811327888
693028.193810558
693022.341673623
693008.640694435
693013.317298425
693014.140176401
693006.180842892
692997.999372643
692975.434741771
692970.582946416
692955.393272118
692961.562743655
692962.17187572
692955.881755748
692947.733139081
692923.837458219
692920.502603734
692902.356583772
692910.845858958
692909.584186484
692906.108471827
692895.943751767
692867.867749954
692854.276897603
692857.449041111
692863.803742036
692868.687446895
692867.028319621
692853.323204445
692836.347205726
692813.622483216
692805.026702503
692793.94595239
692782.420366074
692755.800639119
692754.213907197
692748.110689468
692742.833320661
692728.684219058
692703.547680511
692700.423954946
692695.037948965
692688.960161143
692675.200567353
692649.447206452
692646.640526924
692640.761703323
692635.032691859
692620.614368247
692595.398720879
692591.530717834
692586.237454566
692578.842651946
692565.086729583
692538.529173828
692535.55768433
692527.421488122
692521.19578868
692503.243083345
692480.458769041
692472.201536227
692467.178718215
692454.328909272
692439.792280537
692414.763466316
692407.572310735
692397.2201993
692386.075806048
692365.894496791
692341.733737069
692333.486050713
692320.710240411
692307.122464378
692298.448748252
692285.891234979
692266.022370579
692243.933040446
692231.561175428
692217.323933565
692216.652417581
692198.812159537
692204.537573599
692197.472323071
692194.763109861
692181.591396416
692155.756682666
692150.102853899
692126.765628021
692133.238675268
692125.82065143
692122.610395398
692106.612833152
692096.474510727
692072.579246987
692068.573313278
692052.241310715
692036.185238792
692012.862832533
692001.052881634
691984.770109958
691982.84343346
691964.618028744
691967.394116733
691961.140972593
691949.654373453
691934.352712151
691919.376435496
691900.919772555
691889.904427162
691873.816609432
691844.94274376
691837.804074802
691818.686328368
691817.104340601
691806.653703035
691799.297255881
691787.722712681
691780.874634162
691771.394713888
691762.867526027
691755.043865734
691745.287068021
691738.679033542
691728.145842768
691722.329303234
691711.460345096
691706.0426036
691695.249894067
691689.881614474
691679.535847313
691673.918893072
691664.340581831
691658.230763013
691649.685488047
691642.8898581
691635.588711481
691627.959803164
691622.065774097
691613.490141464
691609.124924327
691599.506857122
691596.762981475
691586.010798296
691584.967576554
691572.978155944
691573.716345707
691560.360432883
691562.976730434
691548.087387764
691552.707311678
691536.071782663
691542.858938141
691537.432700069
691534.13184005
691527.281776142
691524.490095365
691518.429005592
691512.322931129
691509.859337189
691499.881597238
691501.479604518
691487.109231784
691493.193106286
691494.775973231
691487.164769632
691476.178027938
691466.30074913
691449.149181982
691445.207747827
691436.172301751
691420.058852689
691401.831581011
691384.710023028
691361.495386704
691351.508462334
691331.82399277
691308.561409044
691296.052507669
691275.416508285
691263.45557805
691244.906336811
691214.079640814
691210.651195402
691200.146179059
691195.980400323
691175.679264458
691160.524923968
691139.6819764
691121.303258364
691088.82187737
691073.320970471
691045.735514898
691023.39310478
691023.595832238
691021.663924934
691016.967647227
691011.944486432
690997.446183708
690968.802158455
690960.130964782
690946.768663615
690933.537697255
690910.862313554
690882.4396295
690870.581967534
690856.101806283
690841.078211286
690811.552384157
690799.067635926
690765.232821484
690761.994789615
690756.322637912
690749.903071016
690738.088018713
690714.958291545
690687.170395877
690675.465079274
690666.338028059
690652.597586347
690634.652271388
690602.415797399
690595.226482247
690584.055422053
690573.674773713
690555.490680035
690523.34191704
690517.124078795
690505.04418647
690496.870368997
690475.758745972
690447.718905579
690435.823003512
690429.240042106
690417.453136791
690397.27149762
690367.148524916
690355.883017552
690345.161170804
690327.720037712
690308.565578192
690279.60013189
690265.934696531
690239.110184252
690237.831649545
690224.003608292
690211.293309165
690187.743683239
690156.828041906
690143.874129401
690125.890558689
690108.293686691
690092.751376759
690078.019437173
690050.104321462
690026.63784262
690002.107135038
689997.273965796
689989.090213778
689986.719436867
689974.205305787
689951.97453
689921.751200582
689895.609569865
689891.873786017
689883.889636583
689882.976077453
689871.902381766
689849.040288551
689833.234455422
689800.466676553
689791.566223677
689768.995123966
689745.723055198
689719.289439393
689700.273411614
689680.788415918
689670.683163896
689650.477456379
689643.55540973
689632.349259977
689609.466270067
689594.42476592
689566.457510086
689551.965903577
689526.226468371
689509.826733301
689486.049254239
689468.084269873
689445.984424913
689426.833106673
689406.113024225
689386.179083529
689366.53253555
689346.231661492
689327.349324455
689307.096598513
689288.67213639
689268.867408313
689250.599781681
689231.613300051
689213.21079445
689195.375641583
689176.560326296
689160.166431215
689140.675120081
689125.966586568
689105.550679697
689092.727475688
689071.15141573
689060.374588496
689037.413383124
689028.812889021
689004.248349852
688997.935740676
688971.552470754
688967.633245738
688949.553472658
688936.221030036
688916.60999439
688904.031323938
688887.490029407
688871.826610366
688858.684834828
688839.538966152
688830.109930694
688807.124040145
688801.696605625
688774.559929041
688773.395014309
688758.155892476
688742.217510649
688728.382537113
688717.218228005
688696.442121794
688663.418783161
688652.662117237
688635.174005027
688619.360850419
688605.830022365
688595.182577318
688575.095722811
688542.372385474
688517.162221914
688514.755343798
688509.948931857
688511.66308168
688502.974853983
688484.062307986
688451.848004185
688440.18328872
688432.226912236
688422.010861866
688401.512480752
688370.263892235
688357.578211177
688348.473939091
688326.875627474
688321.141779714
688305.528959951
688289.581014167
688262.877526058
688234.174554629
688217.717634219
688202.08096408
688183.770458017
688149.61990299
688143.192699371
688128.385342407
688119.752317054
688098.735671216
688067.459948302
688056.204519677
688045.216717357
688031.391992002
688011.294599427
687979.057477847
687969.130654039
687956.43434489
687943.035587775
687921.803942784
687890.163617887
687879.623435097
687866.844412903
687852.98843507
687831.615041289
687799.766425643
687789.592694466
687775.647797059
687763.006055434
687739.315355332
687710.303636388
687696.468607081
687686.482321251
687668.500342243
687650.307158256
687618.924802279
687607.500335899
687593.605256049
687578.443641637
687556.396899537
687524.165205853
687514.273962582
687496.998637257
687485.469333011
687461.592965007
687431.305664664
687418.534168886
687402.20416651
687388.077694622
687362.499558928
687333.287359853
687318.442404074
687301.775372694
687281.304595512
687268.522839547
687250.455538287
687225.974350164
687198.482850023
687180.925430354
687162.22085248
687155.752159083
687148.273847026
687129.234824956
687111.665952399
687083.86356285
687067.82484748
687048.081049424
687041.778832314
687033.67282357
687013.974235896
686996.038794482
686969.230898318
686941.34873933
686937.056642021
686927.955194515
686911.91755694
686902.38079103
686889.655611252
686866.143386132
686855.245063133
686835.967774993
686818.059412933
686799.051756193
686780.405208406
686764.880723667
686743.771235506
686731.458921217
686708.274300275
686698.851473028
686673.988237778
686667.091615262
686640.942614785
686636.178581566
686617.218165682
686605.392463316
686583.633895365
686575.130159917
686554.8536457
686545.811177297
686526.793830579
686517.342024561
686499.341210355
686489.628755036
686472.383179127
686462.587880623
686445.818023176
686436.152358842
686419.562271807
686410.276472452
686393.558123374
686384.940216138
686367.778204304
686360.14992614
686342.227017602
686335.937047913
686316.938297356
686312.350913283
686291.966892249
686289.451441603
686267.383978381
686267.303604625
686253.358597972
686244.274418649
686229.074390761
686220.833003412
686209.252294871
686197.932054512
686190.40186376
686175.62389993
686172.486947162
686153.935959911
686155.438240581
686132.864692549
686139.15483846
686130.918965323
686130.288413009
686119.587870944
686097.85658707
686082.371102467
686050.349700608
686042.532074141
686021.797368748
686000.039551813
685971.643256875
685956.850171111
685932.846644893
685930.074016461
685902.90780072
685906.301722527
685895.35301155
685887.411571896
685864.569413535
685852.471485165
685831.610170469
685809.909540634
685781.825026743
685766.621791908
685753.492913489
685732.459189857
685712.408901746
685691.051577406
685657.833569368
685652.458701677
685644.085666396
685633.155325355
685619.633077573
685594.065194407
685566.095307989
685550.469357852
685536.424618857
685518.708596861
685485.871036891
685479.828226425
685467.194713747
685458.926208889
685437.763214082
685408.996936819
685397.71747096
685390.582202736
685378.815360669
685361.015875961
685327.412157497
685321.012699004
685308.764572376
685298.940908306
685279.442725202
685248.225864741
685239.853651445
685229.265416051
685218.127850836
685199.744561894
685167.59724518
685160.018642743
685148.529776348
685138.144055793
685118.512901577
685087.80333831
685078.254447678
685068.660282258
685055.130412141
685038.370136662
685003.777100355
684998.670075859
684986.3920897
684974.578425271
684953.757571759
684922.51411798
684913.896948401
684899.626935215
684881.196822195
684874.06772456
684860.071364312
684842.263307903
684817.537682259
684786.861621311
684764.486444357
684757.606442372
684752.733069863
684743.708205638
684730.737367347
684706.797002507
684677.202617072
684650.143669747
684646.855526755
684639.34523105
684636.77680718
684623.887016044
684600.612007059
684571.273043992
684554.609779014
684536.358627642
684529.150125677
684524.94266085
684505.234923097
684492.880265319
684471.229326801
684455.145861492
684439.082998475
684423.840142951
684394.757385232
684372.195029105
684348.857877315
684342.135163319
684331.613947174
684320.709604875
684311.174219222
684308.539278323
684290.949195295
684279.995352739
684255.884752599
684248.558523423
684222.149956084
684217.507109693
684198.827904967
684185.973133535
684165.137847127
684154.732157346
684135.848791955
684124.584937322
684107.454284234
684095.567026324
684079.999151977
684067.679969772
684053.490390177
684040.896378093
684027.90035397
684015.164232784
684003.170770518
683990.413029532
683979.219594603
683966.561089987
683955.948806504
683943.522552442
683933.25339203
683921.216518431
683911.033265509
683899.574976485
683889.199744117
683878.54433992
683867.680045612
683858.089365999
683846.424124647
683838.195731606
683825.407532276
683818.869415493
683804.63143502
683800.133692897
683784.119373136
683782.023449286
683763.911167999
683764.578634336
683744.056572732
683747.838751007
683739.751829446
683731.937349589
683723.836664704
683715.265161887
683709.167128886
683696.771641174
683695.320043142
683678.708270199
683682.230764273
683661.074828571
683669.803540749
683664.023447662
683667.585655041
683661.116758196
683640.272031861
683628.956749954
683608.361427303
683588.936922384
683569.466723438
683552.494629412
683518.847060302
683509.964721217
683480.891513503
683485.055063148
683475.601151134
683471.31778262
683458.531134985
683434.017831407
683404.89740473
683387.590956587
683366.850565566
683360.010394173
683353.561739008
683335.650448268
683318.696558432
683287.040002406
683274.092300049
683261.519690743
683242.899510201
683222.608685079
683190.682215805
683176.988002909
683161.323265824
683143.441694764
683118.92455971
683086.146722091
683073.239611681
683054.563586583
683039.420317198
683012.030067385
682981.960520233
682964.394653407
682950.034821036
682930.28842002
682904.942821831
682872.928282383
682858.045141773
682842.205054434
682824.354770413
682798.856896384
682766.781191594
682752.436371929
682736.966413145
682719.967606197
682695.062252321
682662.598042913
682648.86966389
682633.26516416
682617.130422432
682591.523847664
682560.274323499
682544.568470293
682531.220612149
682511.396607957
682489.288681432
682455.966858228
682441.917479756
682424.237766089
682406.710417667
682380.206531242
682347.623407283
682333.038464851
682313.541621488
682297.207963703
682269.026264023
682237.706825346
682206.369104976
682200.623928166
682190.12220191
682182.525512971
682164.468146985
682137.440284723
682106.415662068
682087.54866787
682074.449932174
682055.153715169
682026.267372571
681996.467880833
681975.37708748
681953.599155752
681944.120611199
681933.108539494
681911.879816037
681891.257872883
681859.759906714
681842.166276784
681817.85815151
681810.965525879
681800.195597491
681780.624404417
681761.04944186
681729.298767031
681711.957786888
681688.787213053
681680.867129321
681657.154695343
681653.573419204
681625.982084532
681626.202050173
681611.405709913
681596.837743578
681582.46159227
681566.497383849
681554.974245217
681536.457303757
681527.500101882
681506.772580108
681500.119127249
681477.530529266
681472.944370147
681448.844506232
681446.115186388
681431.516639766
681421.316331664
681404.047795257
681396.788938123
681378.945243923
681370.878101481
681354.789602573
681346.048363146
681331.667500091
681322.415644059
681309.626321091
681300.064768049
681288.672002824
681279.044012706
681268.77126105
681259.363283432
681249.855304099
681240.991501158
681231.823453486
681223.85869119
681214.553806921
681207.864648793
681197.914711294
681192.887216657
681181.774667434
681178.791187447
681166.011780139
681165.439174862
681150.523585512
681152.702690453
681135.233278098
681140.469782216
681120.092445497
681128.652312933
681122.053378353
681114.918311016
681109.603379448
681116.949820925
681102.584003434
681098.690730946
681076.408800417
681075.84738406
681049.302327489
681053.728696499
681043.30913572
681029.404545308
681022.293327228
681004.073584769
681002.537695393
680979.559755186
680983.740779187
680981.060558195
680972.811431085
680954.768754712
680944.92702083
680919.444821339
680915.874484464
680904.524342572
680889.184134276
680865.183737777
680848.896013687
680818.173062236
680808.898186277
680788.175101098
680768.981256029
680739.746962013
680703.354434331
680685.782032626
680663.983433572
680644.56799954
680614.910737707
680577.36491904
680560.670987527
680539.860978755
680513.142817236
680498.117355882
680474.867914161
680450.54390838
680413.060051333
680398.00574859
680379.905334759
680360.498368584
680334.190766541
680297.202928151
680281.973793195
680261.573667561
680243.50458375
680212.917961246
680180.144603811
680159.501421392
680143.379497649
680119.131637424
680093.246528465
680056.547453825
680039.576920303
680017.206401552
679998.728076778
679966.437375759
679934.157474051
679912.703478258
679896.608828175
679872.40908654
679846.750811034
679807.822936932
679793.390379902
679773.356947803
679754.276984161
679723.961192859
679689.76577977
679671.237394224
679654.027470923
679633.947627726
679606.658736952
679570.863039655
679552.892411139
679537.027930455
679514.391556595
679491.48827508
679455.107040368
679437.964208275
679420.325552076
679398.14671284
679373.60686778
679337.641545852
679319.409031545
679300.995305828
679277.191832099
679251.571060546
679216.860984261
679196.438644944
679166.040741086
679157.381916733
679123.251633983
679120.643636019
679103.322426772
679088.495178741
679059.092866195
679040.110400177
679012.19152066
678986.146329314
678958.42653673
678932.435363165
678896.435937114
678877.623182143
678845.16038331
678838.345272623
678818.866407383
678804.208069237
678779.661083718
678744.925751447
678726.44741265
678696.060463411
678688.518335496
678657.266987297
678654.325837457
678636.72839681
678618.396771542
678602.121194635
678581.883273737
678569.120091549
678546.237785345
678536.525724417
678511.460164836
678504.316544661
678477.555380762
678472.498611415
678455.527155655
678442.729128348
678423.068940938
678413.250392915
678392.630138699
678382.322707351
678362.895760461
678352.33027951
678333.949334928
678323.34671261
678305.873906089
678295.449866805
678278.746099923
678268.714887438
678252.629548912
678243.208054104
678227.570013229
678218.981256926
678203.59183501
678196.068547219
678180.697435618
678174.482773857
678158.864036026
678154.210519641
678138.044155589
678135.214803655
678118.171611988
678117.43762601
678099.16474862
678100.802670906
678080.932054142
678085.220874077
678063.37869613
678070.596206779
678064.728702448
678057.103062015
678052.216058534
678042.942497027
678039.768634169
678026.862694615
678028.04044279
678034.311915276
678021.997928609
678014.740891237
678000.143014953
677986.633543896
677977.770410078
677975.510355948
677965.292023842
677945.888722825
677917.279000591
677881.726839294
677861.705170841
677847.766429664
677829.466837416
677801.354088012
677769.201805462
677741.359793757
677720.752919872
677693.851974107
677682.301643756
677664.387333499
677642.006050573
677615.495314428
677579.655994717
677560.859337873
677542.101251332
677518.345424429
677492.373053614
677457.208846009
677437.396080966
677404.855451746
677397.782448762
677378.821412168
677360.920342277
677332.143287704
677296.625934809
677277.735655183
677256.574460529
677234.920365664
677201.575569963
677169.886062435
677145.61677172
677127.798972457
677101.823397944
677065.314109092
677048.661657482
677033.378191541
677014.145741285
676990.926277659
676951.522190912
676939.058371072
676920.861981771
676905.957886517
676881.017716123
676851.359431792
676815.091149196
676796.958249334
676776.616801913
676756.857059135
676727.307268944
676692.344820307
676674.252160553
676658.192547317
676638.023279767
676614.339509688
676574.714936103
676562.768867319
676543.020132832
676529.291002662
676501.225119379
676467.611643579
676453.111841686
676436.352086186
676418.441934471
676393.258530896
676357.117576867
676340.333698772
676324.797140082
676302.236126904
676279.605473785
676244.344249557
676226.134311279
676208.499152739
676184.178416152
676158.917906472
676125.014548708
676104.382834976
676074.867189516
676066.018479782
676048.935085745
676028.449282583
676002.685841769
675967.199744623
675949.179826829
675917.20688158
675911.847989486
675894.120020866
675881.137979819
675860.060027345
675823.913222771
675810.642993291
675777.990389301
675775.773363331
675760.262926991
675750.584704951
675726.703250799
675710.169217717
675678.787420556
675668.329918218
675645.670581517
675625.984937076
675596.52648783
675564.800762043
675541.668489765
675513.017594449
675500.542134913
675470.210675301
675461.696023534
675439.848050592
675421.597134838
675398.777089478
675381.21173076
675361.181695826
675341.71167283
675324.040676236
675303.099021829
675287.36665578
675265.396826891
675251.209864746
675228.649784144
675215.6544512
675192.920985866
675180.811422393
675158.287210289
675146.809875476
675124.834522059
675113.788127112
675092.651454867
675081.879125647
675061.817787153
675051.197323982
675032.399424372
675021.831740165
675004.444103032
674993.83810685
674977.976373737
674967.233378361
674952.994721691
674941.994008932
674929.471193212
674918.057752816
674907.35339767
674895.329924325
674886.569851818
674873.690708069
674867.031790445
674853.0003898
674848.637564801
674833.111571854
674831.281872409
674813.880357165
674814.861315195
674795.175157666
674799.280085605
674776.884880987
674784.454734475
674776.84690858
674767.879730627
674762.22986472
674750.157149748
674749.233133097
674753.644004615
674734.742199722
674735.151682847
674722.742699352
674707.43260862
674698.250012184
674693.85652808
674683.362817107
674651.670983049
674641.611212112
674622.136074531
674593.981994782
674569.732556541
674539.233763096
674521.949542258
674502.386550075
674475.917209503
674462.298706294
674441.581510122
674418.399343481
674388.586442584
674352.705351337
674325.544391671
674314.488880057
674305.896995058
674294.094352831
674277.930681292
674247.995294256
674217.530454261
674186.198283173
674178.786921216
674168.853177083
674153.772191002
674140.899380484
674116.951324139
674083.516511578
674067.025091224
674047.333145658
674026.474454425
673997.232899508
673963.205533829
673944.684837602
673923.801812907
673902.454634943
673863.714883824
673853.287057933
673835.724101239
673822.839894373
673798.530269974
673770.902657652
673734.836999053
673718.571532538
673699.083250936
673681.073336939
673653.379059597
673618.410346391
673603.192107267
673587.819462199
673572.041325391
673549.305248816
673520.276567617
673485.018957149
673468.515530771
673449.011522939
673431.673220354
673402.279574512
673369.946905776
673350.606937183
673337.442055193
673318.604761307
673292.582491898
673256.909228152
673240.525900554
673223.61056813
673201.860048736
673176.805864481
673142.068882244
673124.002021784
673103.9816753
673080.692669542
673051.698998794
673018.39207483
672997.275333013
672975.808613683
672949.286645032
672916.357014156
672896.46662867
672873.205262727
672864.188380572
672854.774701375
672833.719226414
672814.781225027
672792.22074247
672768.979116861
672752.563586027
672734.21564106
672705.971240588
672678.101976296
672647.468652811
672623.010726984
672599.50807791
672586.000277626
672572.652114529
672547.247110062
672527.98841071
672500.941244028
672479.796232414
672458.394791601
672433.394839159
672417.187378172
672388.651074951
672377.05766952
672345.37318016
672337.720928431
672316.177222285
672297.286851981
672275.161939678
672256.502491219
672236.865391946
672216.305041804
672198.651453091
672176.553780874
672160.423638151
672137.175244887
672122.171581134
672098.171765081
672083.972653853
672059.619966471
672045.982343976
672021.662748048
672008.421190658
671984.497928252
671971.554842387
671948.359187427
671935.669118799
671913.495120741
671901.046036626
671880.148785687
671867.938450754
671848.532915767
671836.544377231
671818.81033388
671806.992206947
671791.082171668
671779.329914701
671765.377516945
671753.520095367
671741.650888086
671729.444233423
671719.786716002
671706.913287329
671699.608880499
671685.683539165
671680.894983134
671665.476736771
671663.394242404
671646.002582074
671646.847172071
671626.981551124
671631.00559469
671608.166365515
671615.651051634
671610.015216397
671614.56601415
671601.586389823
671593.576126116
671571.445879415
671566.576462833
671539.426379827
671540.065159517
671527.157667751
671510.423404336
671501.093907667
671479.049195725
671476.459240315
671469.826160658
671456.426510978
671443.596075536
671415.214491224
671397.664206042
671359.596860784
671351.660216633
671330.745164192
671303.119709759
671278.66366917
671245.968888976
671215.643491462
671207.291417959
671196.87113381
671190.974991096
671170.447133183
671153.281956366
671124.059486496
671100.410882397
671069.748428986
671034.652989862
671014.928300376
670999.978216858
670981.612777548
670952.989611642
670917.746998865
670898.156984853
670881.047000093
670859.629434124
670830.884595512
670794.247991292
670775.332117751
670755.212072287
670731.97954822
670702.280039432
670665.658883432
670646.652393923
670624.578484249
670602.77057778
670570.416286516
670536.090546349
670514.673845019
670495.78631563
670472.362113945
670443.793658349
670406.178753834
670388.513948501
670369.22234107
670349.274023237
670322.54138471
670283.567625413
670269.024568812
670249.972624334
670234.472724277
670207.892864404
670178.853539668
670139.719362548
670122.890003641
670101.725266619
670079.989704278
670048.905191889
670012.619115226
669993.692259695
669972.949904542
669952.784066048
669921.163703483
669887.25111231
669864.196386304
669848.747324769
669826.99663277
669795.800446223
669761.131706974
669737.750914611
669720.664610593
669690.550597412
669673.729058538
669647.582480366
669621.025818892
669584.397745692
669564.022594925
669532.364006283
669523.319781795
669489.115592262
669485.735902211
669467.810238921
669454.160214492
669426.126211779
669406.916976443
669370.751232149
669358.220980697
669332.979375067
669309.796358386
669279.342711348
669251.060572071
669208.698620482
669195.21369999
669163.229671429
669160.08012563
669150.663378153
669134.710222049
669113.704816752
669095.252165096
669069.78668038
669056.065465566
669040.347395625
669013.008177346
668991.625689516
668961.022663824
668938.597040578
668911.876067874
668886.784346071
668863.549343965
668836.226107648
668816.000057448
668786.959715991
668769.20706681
668739.019629758
668723.171696759
668692.434092309
668677.920604651
668647.226337079
668633.504166298
668603.413361926
668589.992557257
668561.007146528
668547.469677784
668520.01293699
668506.026115049
668480.429805763
668465.751757988
668442.251223287
668426.727094794
668405.464823881
668389.015335915
668370.053252025
668352.657893824
668335.996945391
668317.670182846
668303.271551494
668284.035173507
668271.846974409
668251.706324961
668241.691887942
668220.611693638
668212.773177996
668190.656805635
668185.055307172
668161.730843029
668158.501258511
668133.714701326
668133.07317034
668118.358327409
668107.013071412
668091.931349466
668080.60307382
668069.340780233
668054.634667384
668047.799364731
668048.32461969
668026.619357705
668021.372531026
667989.094470557
667989.667737388
667975.742954592
667969.032424048
667952.847794784
667927.729927916
667894.62731701
667856.526372457
667833.199872606
667814.665478953
667786.90770824
667762.803523733
667724.306524912
667704.09550253
667672.874010733
667665.826317321
667652.540654596
667636.298963385
667616.279485206
667582.953953875
667547.841893963
667529.687984489
667507.693060503
667488.062079779
667455.662853758
667419.976830638
667395.619769082
667368.833428374
667356.707287055
667342.952075492
667320.390939969
667296.272349261
667255.567497535
667237.508575188
667215.844443514
667193.337573598
667164.404618647
667123.145825214
667105.374402646
667080.629361808
667060.558442711
667028.554896796
666990.113416345
666967.736954128
666948.37478285
666924.155450995
666896.665939687
666854.054081881
666838.064230574
666816.154762005
666799.013594527
666770.630672918
666740.202018431
666698.153571303
666680.273899502
666655.602960943
666637.47633111
666607.994205515
666567.22554603
666549.129395634
666530.12704841
666511.699350004
666485.340393071
666453.893077236
666412.80157414
666393.832397357
666367.644697158
666347.716772893
666315.834240196
666276.402128541
666240.112747261
666228.51977911
666213.492582236
666201.652590903
666174.789436473
666150.101303865
666111.565381782
666089.437726607
666069.191230017
666040.486723587
666012.735190536
665975.288160825
665950.860114996
665918.484250235
665905.484827701
665885.34715577
665861.186796667
665832.50876758
665792.938195866
665771.714717655
665736.177982872
665727.57163112
665706.783685608
665691.688207141
665668.905174096
665634.984978141
665609.814596863
665561.907899731
665541.851525814
665531.711051778
665523.253852383
665504.103115874
665486.114525382
665457.036062403
665443.603784933
665411.241970101
665402.578511598
665380.718304357
665360.770036999
665339.286876911
665319.017454182
665301.086777774
665278.433291
665263.581921688
665238.801900228
665226.561336791
665199.951291039
665189.878144677
665161.770181969
665153.464011519
665124.22008438
665117.336409704
665098.279496359
665083.425267735
665061.630507748
665049.915227114
665026.986204783
665015.067996673
664993.33904619
664981.444833459
664960.945904571
664949.327814535
664930.061282714
664918.997604394
664900.915573212
664890.706629649
664873.691691439
664864.655098764
664848.510533878
664840.976168992
664825.422300045
664819.724731486
664804.402005928
664800.872344705
664785.351549447
664784.310119379
664768.109027445
664769.85917064
664752.463015259
664757.285621454
664738.169718487
664746.320890701
664742.179339634
664736.783126699
664733.656101664
664726.802885835
664725.710796469
664715.10664499
664718.540168165
664703.716423651
664711.94740967
664692.560397357
664705.796128058
664681.630561474
664700.016413624
664702.960839713
664719.935321914
664729.206015703
664709.865640285
664710.032693299
664696.605543164
664677.924348121
664669.136410015
664664.093425149
664644.414084659
664627.864564002
664607.992673311
664585.775332216
664573.651436194
664562.972389934
664541.202593248
664524.133350219
664494.535151872
664470.881189173
664433.959764126
664419.63999264
664394.694557114
664370.503453083
664337.272942238
664298.564787357
664262.436899676
664251.658647212
664237.940217954
664228.446391137
664208.985765467
664181.951920359
664147.562742968
664109.740132951
664086.983469122
664061.028057165
664036.028670516
663992.889847343
663978.570198568
663954.285773138
663936.800260906
663906.549689329
663868.380153035
663846.878503246
663827.552854831
663802.710258366
663774.437338337
663733.520486286
663715.593771552
663691.953720769
663671.377469989
663639.157926531
663602.090750035
663580.918888899
663562.746960627
663539.77081832
663514.462991995
663471.37199789
663457.915811467
663436.773256306
663422.436723974
663395.626516235
663368.14180178
663327.655056643
663310.07330123
663288.039849969
663270.023423442
663242.12246968
663201.815191485
663186.725533159
663167.667721477
663152.37744989
663125.886682865
663097.909448072
663059.577200231
663038.877840944
663002.96646666
662995.746556964
662976.111253252
662958.977894455
662931.922717243
662890.574837028
662873.892163139
662849.959323196
662825.860842095
662806.807488447
662788.344961952
662757.337460578
662732.570938488
662700.004985653
662672.297107289
662645.762593975
662617.284138942
662577.277245845
662554.477082794
662516.556745933
662489.010136698
662479.589161204
662469.286149857
662467.188878217
662455.664880171
662425.004189465
662411.28244678
662387.080295032
662360.00348547
662339.032677618
662316.988158872
662283.923577109
662258.802117372
662223.836075703
662189.888251468
662167.941962929
662157.69414842
662143.325050686
662118.509912562
662097.015189865
662064.269814294
662047.481762945
662013.297627122
661999.607849545
661972.711214046
661952.552947118
661923.516190285
661906.8447787
661879.612006242
661862.946260396
661837.104676511
661820.681811112
661795.867224673
661779.881612132
661755.787715746
661740.397685715
661716.779341509
661702.116976941
661678.788533867
661664.972954648
661641.801704171
661628.950834723
661605.842312438
661594.083169392
661570.965639592
661560.447081972
661537.255456788
661528.157032897
661504.814842249
661497.352046502
661473.754702041
661468.180807489
661444.181808951
661440.786516991
661416.188539281
661415.293661956
661402.727807161
661392.605117942
661379.530999893
661370.821046928
661359.274627579
661348.417520513
661341.105411822
661345.29996106
661328.146729963
661323.095943352
661298.192780035
661297.240975974
661268.491268519
661273.191533789
661263.118948319
661263.047118206
661242.176128688
661234.213553021
661204.376342821
661202.465251983
661187.504157783
661179.553924525
661162.341132629
661131.26390692
661112.275810343
661085.007584255
661057.21043594
661020.377081151
661000.504827793
660981.996466585
660957.735932792
660932.879240032
660908.75866823
660885.395184905
660851.487156767
660818.974842731
660793.282919863
660769.794540327
660756.843884179
660744.899933957
660722.302204672
660700.928823186
660662.772475803
660646.155983301
660612.543357622
660608.908952868
660593.338661897
660580.467210856
660557.311918175
660526.749283771
660490.193290412
660469.443446949
660449.646661259
660425.093716002
660396.862277756
660357.543824565
660340.95648514
660317.581347496
660299.544369176
660269.798879155
660233.01834035
660213.507990748
660196.80531295
660176.012162068
660152.134160139
660110.872389499
660098.499781789
660079.573672148
660065.924954661
660041.461708056
660014.246823943
659974.339611879
659958.996998652
659937.304316102
659920.957618108
659891.286579911
659855.984749695
659840.026240229
659822.791198882
659804.380628333
659780.667606614
659748.920263364
659712.216751753
659692.65346473
659669.497418246
659649.071876064
659617.718325422
659581.574171909
659560.793150341
659539.402560852
659518.028828928
659484.788767273
659452.187769856
659426.98245827
659403.094397201
659390.093408317
659377.730504592
659354.381634362
659332.880295461
659295.924567458
659277.604038982
659247.807126141
659240.889679232
659227.943937271
659210.111189869
659190.050764766
659158.147921769
659134.395780833
659103.402930258
659068.164911699
659045.352814181
659034.159671393
659019.432616644
658990.948930182
658972.646546145
658944.487793923
658919.013215548
658891.519450967
658868.581349527
658831.098899649
658813.216015393
658783.804855931
658776.383717327
658747.917703705
658745.100397663
658728.590492501
658713.107308734
658697.35092245
658681.232272525
658668.809541568
658650.552847992
658641.004603751
658620.898578294
658613.789763582
658592.152618477
658587.088398447
658564.262401834
658560.900996106
658537.245814243
658535.306762071
658521.468752455
658512.314387841
658495.739608929
658490.121452672
658472.583114036
658466.988721336
658450.829009631
658445.447894801
658430.715554337
658425.761232593
658412.458260557
658408.171822252
658396.23175268
658392.882701733
658382.154778362
658380.03852953
658370.279543936
658369.713340294
658360.589493748
658361.906883313
658353.001110156
658356.541249862
658347.366655778
658353.466068952
658343.489232787
658352.474775278
658341.14026846
658353.320948843
658340.077165166
658355.738371095
658340.062748293
658359.462419745
658364.845595703
658363.984264679
658372.850617478
658367.711289067
658379.062574334
658401.941253627
658421.350400528
658407.781768038
658418.59261938
658414.329356238
658400.978351925
658402.10018178
658406.387422965
658394.292752852
658384.082170385
658371.392384872
658354.231804859
658348.764288952
658347.501334089
658331.964656771
658325.907653098
658302.814256999
658286.000920937
658256.460477653
658246.962272349
658230.338091931
658211.38857801
658189.013767811
658154.926886891
658131.784075274
658101.833681309
658070.538947892
658033.596618569
658011.187189766
657990.12494273
657964.286649481
657935.480638903
657910.318212935
657881.854369071
657841.961427825
657826.276398946
657804.895393081
657787.613915463
657757.312194117
657721.253964028
657699.866897122
657683.606444594
657661.943581997
657633.743887293
657593.564870512
657575.769631917
657553.53202596
657532.308316816
657501.568524386
657463.715283006
657443.427747314
657423.363852265
657400.659862607
657372.661170955
657331.998258299
657315.237323364
657294.55803293
657276.421716137
657249.37284031
657217.862138935
657178.303060186
657158.855711143
657136.858275867
657116.955481335
657087.62603443
657048.303983776
657030.706606416
657014.441974752
656995.572924552
656974.933679216
656941.944041299
656905.579372137
656883.190022133
656867.364997165
656846.997103265
656819.5608756
656778.947605016
656761.244974695
656743.35302383
656721.005375164
656694.402892462
656672.04416876
656647.315444716
656614.424248129
656578.830167051
656552.931921121
656526.439657391
656511.487124555
656482.80503502
656473.768073882
656457.745156332
656436.786397411
656409.392147154
656386.747157959
656354.171287519
656337.318292876
656312.453591798
656283.9617481
656250.751463659
656214.00745687
656188.134787892
656155.279370505
656141.832167552
656122.031065639
656097.746906153
656069.216205548
656044.267896764
656011.999566464
655993.782387256
655969.259878387
655940.037173799
655907.842043788
655871.2499949
655844.9431961
655814.436278153
655799.152981389
655767.636315851
655757.349873987
655739.817137728
655716.077920126
655690.902611046
655663.450526909
655636.80299969
655612.274388085
655584.110844768
655561.857599174
655532.737293329
655512.149074571
655482.629548347
655463.166046526
655433.777976247
655414.99418767
655386.21816146
655367.77966531
655340.028590902
655321.717534856
655295.324292794
655277.031812847
655252.242700978
655233.953554175
655210.933221646
655192.703740299
655171.545410026
655153.473207169
655134.214124994
655116.404952948
655099.047031542
655081.582103128
655066.115107402
655049.020780926
655035.445636309
655018.668804588
655007.019607367
654990.410590509
654980.772411219
654964.076614648
654956.599304325
654939.459295123
654934.363495594
654916.327103764
654913.902318202
654894.441100649
654895.041089313
654873.576366497
654877.607187466
654853.538296827
654861.44104769
654854.227540855
654843.725613998
654839.763700982
654847.794990721
654848.488497762
654826.072774597
654820.47780738
654802.81723504
654780.827322779
654767.59745983
654757.249567434
654734.256328744
654712.769272769
654690.501529504
654662.907374596
654649.221912896
654632.598627579
654610.296497643
654587.44979495
654552.39893328
654527.601524707
654496.378671692
654464.907947688
654425.021678322
654402.065621443
654381.199528727
654354.830480987
654327.070506676
654301.410457054
654275.978500189
654240.917566822
654204.085497328
654177.129108107
654148.978745401
654134.347131522
654118.53342118
654093.933353862
654068.163913645
654026.310705914
654006.493359564
653983.282863615
653959.27140623
653928.743753
653886.573830411
653866.69820796
653840.946736168
653818.459617411
653783.565392056
653745.501736952
653720.977558512
653700.618279019
653674.090637524
653645.8888844
653601.423746599
653584.383414337
653561.130033835
653542.7024968
653514.457974548
653482.560992251
653440.325600326
653420.083416853
653398.254007442
653377.179290485
653350.260790254
653315.914238106
653275.886507231
653253.088011409
653232.957396544
653208.892798179
653183.046124102
653144.958743415
653108.345143707
653080.867597241
653061.490362936
653035.919730642
653003.606690076
652962.490814686
652940.144182734
652917.902506852
652891.18650064
652861.868191752
652820.756679049
652798.475232877
652759.217919757
652749.639678035
652727.117313642
652706.460092275
652675.893478987
652632.52438039
652612.230317297
652585.225527262
652558.548610807
652535.925828884
652515.072397046
652480.835554709
652455.162730622
652419.703877647
652392.39516459
652363.337430972
652336.677639056
652301.554997744
652259.399687856
652235.937528197
652208.099249704
652182.57714139
652158.727674666
652140.702944975
652114.595304507
652076.5338591
652050.346164078
652000.852842308
651982.104023653
651956.366428313
651945.647853586
651946.763166865
651926.21018298
651917.91338177
651889.67393882
651884.177651454
651852.939866832
651850.673024583
651835.333228223
651817.9862895
651802.86339889
651784.690998911
651769.130650566
651749.552456484
651735.335825793
651714.884654152
651701.719756443
651680.956169578
651668.65170712
651648.138147212
651636.596811597
651616.87078248
651606.073278072
651587.623404872
651577.606525739
651560.853666282
651551.682289787
651536.964953441
651528.701601006
651516.270924386
651508.948777721
651498.971743045
651492.568856154
651485.137125599
651479.555767901
651474.701379074
651469.755040646
651467.471255745
651462.879903904
651463.144980519
651458.538736223
651461.340081307
651456.270032539
651461.626409148
651455.583016687
651463.564371023
651456.000038407
651466.739979515
651457.093305258
651470.796749784
651458.519868529
651475.464795954
651460.047538526
651480.578578151
651484.824472582
651483.454265683
651491.696925645
651484.882912766
651498.123912199
651486.482679585
651505.331591178
651528.923018529
651536.547709554
651534.148961563
651541.301085191
651525.881984956
651540.517669103
651557.486074172
651562.747625601
651554.929619831
651561.124790887
651540.659710308
651555.550019117
651567.916507941
651574.347327194
651588.193512489
651566.721048033
651572.846850731
651565.511373415
651569.439218638
651564.944796604
651553.103562459
651532.66605861
651499.841019843
651481.916466772
651455.776245625
651429.779407385
651395.738541236
651355.124577719
651334.880593228
651309.31299712
651289.572111649
651258.840964465
651218.025634454
651198.246273818
651176.173620398
651155.165063825
651124.762900206
651085.143518906
651064.532459665
651044.779659533
651021.031036128
650993.777402901
650950.915728814
650933.62129483
650910.017576735
650889.443310493
650858.541546277
650818.854391112
650798.851422382
650777.825244026
650756.015813533
650727.239808482
650686.200845715
650667.809144812
650648.489433068
650627.943552657
650603.543458989
650568.999985718
650531.44080647
650508.111122929
650489.595545249
650465.055790956
650440.644110466
650397.467159993
650382.533940275
650362.261705324
650347.115677802
650323.740961494
650294.485317861
650253.884037977
650234.987508175
650217.265989503
650195.554585294
650173.884241417
650141.517144183
650101.923509104
650081.366911541
650056.846871466
650036.670851487
650002.64297407
649979.301691518
649948.247330194
649916.192724077
649879.420809818
649853.736771732
649821.733691404
649807.193473331
649772.783293934
649763.674711265
649741.561999436
649724.144629399
649695.609369481
649671.419556365
649636.896982119
649618.352470597
649580.011711748
649566.591480425
649540.337187918
649513.565511018
649489.508172411
649460.548109395
649441.997108063
649420.485885168
649390.173046293
649363.877720771
649332.125479227
649304.593453805
649278.807069715
649247.804553673
649227.893122629
649203.721846077
649172.043083488
649144.563376407
649110.990681064
649083.737111107
649055.185935957
649028.771456883
648990.656716669
648969.411078809
648940.377496297
648927.867090649
648901.971574891
648891.921116733
648865.928362184
648857.423589651
648831.911815179
648824.089125811
648799.600052021
648791.70007587
648768.714314658
648760.124917898
648739.044277763
648729.329934116
648710.465804422
648699.377979564
648682.946887326
648670.419091193
648656.54969775
648642.677168863
648631.42319115
648616.426657965
648607.785383237
648591.964533316
648585.900758301
648569.582677544
648566.055125616
648549.540546458
648548.52691586
648532.039242806
648533.559183336
648517.202954374
648521.337591122
648505.067254039
648511.970285513
648495.571937745
648505.475138744
648501.369078025
648500.288037388
648496.946796491
648496.413390617
648497.314709694
648494.265936209
648500.012189808
648522.202459292
648513.229619202
648524.440715388
648505.014273599
648519.340969401
648530.404923722
648534.228798861
648544.501878744
648544.130149175
648516.520259963
648514.974443377
648500.230580844
648483.039150797
648468.667126858
648447.386061028
648417.892344927
648378.540388539
648359.102270932
648335.996399489
648318.287631884
648292.211720872
648250.169721932
648236.406531936
648215.931337183
648203.832998833
648184.51536447
648154.918136221
648117.85873395
648097.696811687
648068.269999517
648059.981508656
648049.398520084
648031.791823614
648013.526549552
647984.080046907
647945.588007098
647910.961134279
647900.771774661
647887.768639419
647877.593980387
647854.335888462
647831.088603362
647791.465450261
647774.48682379
647753.304028382
647733.727521783
647705.369079932
647666.709534911
647649.017984281
647630.399178768
647610.666805942
647586.161982478
647552.556975172
647516.646567797
647494.224077516
647476.476394751
647452.945535377
647429.384851766
647387.940286531
647374.244497108
647355.982942665
647342.567585229
647321.920265024
647295.098652456
647263.347007576
647224.234870816
647205.959317276
647183.091061436
647165.631777955
647137.70836811
647098.248251093
647081.560608902
647063.196273121
647046.320412342
647020.442424124
646990.874107791
646950.791670786
646933.26553496
646911.220378625
646886.742089673
646855.489534226
646817.095760666
646797.850097035
646771.318911458
646751.134812259
646719.278048799
646682.060833972
646659.604643816
646634.968075833
646608.426878657
646576.400319533
646540.524360828
646516.277013887
646483.476702958
646471.384301834
646451.600263871
646428.243179291
646402.107619218
646364.901517858
646344.412195184
646314.926130324
646305.627281301
646276.640140047
646273.166337732
646257.055817502
646240.676121361
646227.080645435
646209.135736585
646200.835638344
646197.692671497
646177.068482354
646165.31728713
646139.086479329
646130.107448461
646113.623903078
646095.79103492
646081.503893625
646061.788325985
646051.318172541
646029.3617395
646022.290561095
645998.470867705
645994.339062458
645969.121900231
645967.449502347
645953.949159373
645943.194188106
645928.219372524
645920.064264208
645904.539592182
645896.575785716
645882.442009579
645875.092001436
645862.124517058
645855.805650651
645843.789810056
645838.899877823
645827.626951898
645824.532262307
645813.795815308
645812.822410992
645802.412587819
645803.838557893
645793.53603389
645797.590375873
645787.164361931
645794.030974647
645783.236414578
645793.06012927
645781.635647924
645794.531588627
645782.199167795
645798.26487935
645801.879830072
645804.604068865
645809.401196976
645811.667141807
645818.105424532
645817.976716073
645828.455613734
645825.471956048
645840.27157847
645834.024923068
645853.407462233
645843.552684535
645867.759845399
645854.019349544
645883.270810853
645897.211721115
645933.408597977
645962.435019136
645957.661129502
645972.636046347
645949.497418033
645968.648204375
645973.384754025
645993.266627591
646006.439020912
645988.719637355
645994.874307678
645987.443259465
645970.612458099
645971.11870603
645973.306158273
645965.398413753
645965.288047365
645941.520797351
645933.819350857
645920.808933016
645905.459968921
645887.84137201
645857.60873611
645830.18841212
645792.374778435
645771.03011029
645752.788905051
645729.06413029
645705.991384733
645672.340655887
645634.411174584
645612.377542089
645589.540439268
645567.175954408
645534.509609667
645497.995013497
645474.962505173
645456.445677267
645430.082501962
645403.607280913
645363.788460443
645344.336472885
645320.485881181
645298.622437635
645266.19316133
645228.88725936
645206.628249787
645185.457115444
645160.497055531
645130.498556928
645090.447218932
645071.010750853
645048.210170225
645026.979861087
644996.427839949
644957.462742532
644938.007606805
644919.990895681
644899.238278805
644876.330142571
644842.285864972
644805.410386364
644782.761466317
644766.443572307
644746.455239066
644721.220807017
644688.795184906
644648.930396945
644630.191471218
644608.280926216
644590.956652541
644561.274195721
644533.079058215
644494.392929962
644472.442874479
644452.452680828
644427.029625339
644401.878418026
644362.115708437
644342.276227358
644308.244912124
644300.406665534
644283.965257783
644265.274120455
644242.007095966
644204.752583174
644172.270346813
644139.17971816
644123.595983555
644105.073079102
644092.364995379
644070.143611234
644035.98192195
644011.063950117
643978.145506451
643940.24285177
643915.753866816
643901.084957973
643883.378832294
643851.768123655
643830.977325242
643800.587189378
643772.441873704
643743.372947466
643718.706735153
643684.86501349
643657.239006943
643617.480290487
643598.025224408
643567.458646405
643539.151161961
643501.807613606
643477.418233158
643451.402773466
643436.200639112
643412.767637398
643401.845699306
643377.238596999
643369.770527934
643344.35106555
643339.472903728
643313.604086954
643310.471657981
643293.090486991
643282.206303392
643262.080555554
643254.658724324
643234.922684418
643227.788835696
643208.173343039
643201.475575005
643181.838000139
643175.748014269
643156.059450186
643150.779860814
643131.102597046
643126.871763129
643107.328982686
643104.420798512
643085.159371669
643083.879491226
643065.033490475
643065.715145745
643047.371311559
643050.36653305
643032.533150046
643038.202521193
643032.613138802
643030.599242571
643024.814605943
643025.704322619
643021.682936505
643021.852206838
643022.172522117
643021.00032575
643026.053320691
643022.887843351
643032.973225953
643027.166715342
643042.489987806
643033.433952941
643054.111721865
643041.264320136
643067.332822506
643095.733450903
643109.970084217
643109.573845499
643122.166189574
643107.594013091
643125.936682545
643146.10293349
643153.157386048
643173.68359515
643157.530663513
643162.702653993
643134.930052252
643145.088179773
643142.065669031
643150.348987675
643151.788690793
643125.89580035
643122.804771825
643107.801130786
643099.417484081
643082.896257058
643057.279233496
643030.623698545
642988.209642938
642970.084067906
642952.247835847
642932.571958026
642914.204170146
642886.327870703
642849.753946379
642810.689380567
642786.74157257
642767.15480903
642745.283616799
642717.156497416
642682.753599208
642641.8202098
642620.152133993
642594.981311617
642572.718190361
642538.660567624
642500.302430942
642476.212442378
642456.208285096
642430.941834915
642401.075850213
642357.205119946
642338.622121617
642311.823740324
642290.11725417
642256.369734707
642217.198041316
642192.107991875
642170.357069199
642142.832730917
642112.018470203
642069.726794555
642048.983157834
642024.731449682
642001.715318322
641970.784580978
641928.642443148
641909.903405376
641888.480173392
641869.903926426
641843.069489998
641812.944901219
641768.798640464
641751.93347702
641728.310987797
641712.710532438
641687.036397872
641656.415594358
641613.130198003
641594.50055184
641574.732885145
641554.277028038
641531.732860013
641496.611793056
641459.45735257
641423.560012569
641411.388010165
641398.106542811
641390.260900599
641367.549656734
641349.277095189
641318.403562227
641291.61658548
641254.23174985
641233.834668274
641202.802890157
641172.746577503
641134.619592662
641108.512181305
641078.298967153
641061.672982825
641044.204549261
641015.416927847
640991.121440312
640960.362484136
640933.718516595
640908.366205277
640877.949389441
640858.173451556
640835.586475675
640804.374464145
640776.830008794
640744.386441965
640715.614207232
640689.313759551
640664.113380196
640626.844160062
640600.354575596
640562.037174981
640536.490348481
640504.222868865
640478.290427269
640438.51218696
640416.069642854
640386.849060683
640373.825286247
640347.586195893
640338.449666304
640311.3050871
640305.099688065
640277.580967902
640273.333688676
640257.037565475
640244.999846205
640226.112224874
640217.93499623
640197.002255727
640189.79908078
640168.628471184
640162.649182552
640140.981141411
640136.448487306
640114.17442689
640111.28898313
640088.43543258
640087.380845492
640072.817312628
640064.246148653
640048.154220768
640042.529390606
640029.042651767
640023.086154067
640012.534023655
640006.299174009
639998.976422492
639992.488827144
639988.652367217
639981.884537441
639981.752829828
639974.603487237
639978.35891472
639970.639240392
639978.433555242
639969.861570376
639981.824076734
639972.02806222
639988.276107839
639976.805742529
639997.454530039
639983.797084124
640008.968720902
640019.754628216
640021.830888725
640037.909458688
640034.371888828
640053.686534701
640085.979122114
640078.772826981
640103.799996679
640081.693284246
640109.803834057
640119.568842648
640148.940048693
640170.644833206
640153.574742542
640169.960731509
640168.629846549
640179.007048025
640171.522825193
640174.051410382
640164.488632183
640135.486076361
640125.371554294
640106.131109268
640090.50630166
640062.566523493
640039.269228891
640006.173119246
639965.542412783
639945.18231039
639923.180958034
639903.722667481
639879.298328064
639846.231896101
639808.065748155
639785.468497002
639770.732422798
639752.878891596
639727.079451038
639697.171534195
639654.717044926
639637.093933719
639611.368333137
639592.501318506
639561.73477515
639522.195158497
639500.63844189
639478.731339217
639453.998392997
639423.045650423
639383.31301972
639361.78525029
639337.136594968
639312.3587762
639277.772989728
639240.912967962
639215.751101371
639194.152209406
639165.91647602
639136.060904709
639095.760243595
639075.216141216
639051.410932392
639030.541701171
639001.080583517
638959.728000702
638943.654585441
638924.421519722
638909.944989892
638886.328729969
638861.559718303
638825.234417784
638789.471477456
638769.086329585
638748.974699324
638729.568473847
638703.537302415
638673.987207984
638631.300347516
638615.742597189
638591.288972098
638577.178516212
638552.136034475
638518.12669034
638480.617505627
638456.029667531
638436.720740723
638415.369330397
638383.120011786
638349.643739903
638318.926183461
638280.59848989
638260.352755468
638229.398576161
638218.841817956
638204.070275533
638181.138095514
638156.951273376
638131.49114582
638103.791523725
638082.88765739
638060.39090332
638026.966131218
638001.416739484
637965.851908045
637940.313975968
637910.105133106
637881.673871545
637857.139995188
637826.018387796
637807.379044944
637773.781193067
637761.119712339
637737.316658829
637716.026206938
637694.087582365
637673.234917002
637657.098961236
637634.237969084
637623.560475405
637598.864490427
637593.121737721
637566.83390779
637565.352751585
637552.606437173
637540.587791894
637528.056226065
637517.202013841
637505.14871773
637493.653029094
637483.464107913
637471.67524584
637462.709139602
637451.034588859
637442.714196202
637431.604963496
637423.443705317
637413.375659636
637404.996747299
637396.451043926
637387.595915965
637381.0388904
637371.564802846
637367.429257129
637357.295963013
637355.965788259
637345.214257557
637347.014218605
637335.736761052
637340.924730441
637329.230032155
637337.997625776
637325.978716798
637338.458567841
637326.160400202
637342.43615689
637344.624542387
637348.550334187
637352.578816717
637357.1158439
637365.381314211
637368.671452875
637381.3670563
637382.891029079
637400.189972717
637399.387865454
637421.448649524
637417.747138842
637444.721102781
637437.559956267
637469.595868107
637458.450416435
637495.700088564
637514.514424864
637560.162389365
637596.564949761
637629.586259868
637618.318738366
637637.406495223
637641.229010016
637657.405647328
637666.70149276
637667.207327047
637657.414908153
637631.301362493
637623.448443729
637609.08709002
637593.954006272
637575.865414523
637546.66331531
637520.460673539
637482.610619385
637463.537870315
637448.671998753
637428.585539916
637412.600395784
637386.919648229
637344.915947183
637332.216219449
637313.099662418
637302.569241282
637283.509344001
637256.903980511
637225.886970875
637186.703643314
637168.183536299
637143.19776607
637123.77877366
637092.709307966
637055.818138661
637034.216788309
637012.708892514
636988.323830125
636956.641387422
636920.28980185
636897.75493721
636875.026757147
636848.97447803
636814.370535551
636790.360656432
636748.326763781
636735.650899135
636718.511699328
636703.123695318
636682.057348064
636652.554847675
636614.887996195
636596.157677452
636579.362747187
636559.469242071
636538.431007023
636505.797555244
636470.214835522
636452.579013767
636435.393934565
636418.296665805
636397.23082087
636370.172252263
636328.980521341
636316.240815412
636297.614614679
636287.189038306
636264.042305061
636243.503204694
636212.695402295
636172.625056996
636154.895542925
636132.781886506
636106.924191875
636091.642032853
636073.24623357
636048.78367238
636021.930496381
635984.669108184
635964.001439194
635930.893416816
635921.678608779
635903.226118771
635882.453067872
635856.491108961
635818.734958472
635799.020803545
635765.905430152
635756.788372736
635735.831830018
635720.572429184
635695.054202118
635671.977811055
635641.414014421
635623.637474942
635589.300640721
635577.198704476
635553.514666908
635530.249149336
635508.982453061
635484.404718827
635469.412489182
635441.807953501
635433.136344598
635402.763489502
635400.274037764
635384.928790483
635368.367823267
635356.509858351
635338.542728916
635332.072169296
635312.234795982
635310.591118792
635289.207793073
635291.699467435
635269.151794739
635274.998995536
635268.263998626
635261.440608579
635254.943876129
635249.251615471
635242.311256894
635236.643587907
635230.827186626
635225.507066152
635220.352544585
635215.719830535
635210.859464889
635207.263295715
635202.432724216
635200.223894814
635195.260642619
635194.783039855
635189.615490256
635191.197709792
635185.825720605
635189.774709165
635184.245723626
635190.843083421
635185.222656349
635194.720379977
635189.060823215
635201.681658081
635195.995157851
635211.935675106
635206.169567969
635225.604212574
635219.62318224
635242.710894885
635253.601222312
635263.706677339
635276.580947758
635286.745605252
635301.934889765
635310.286119223
635330.143094512
635336.029941803
635360.842412812
635363.621666245
635393.641158674
635392.710551361
635428.152295692
635422.979127653
635464.022433982
635509.479143182
635539.30673442
635548.949765946
635577.75504321
635569.433345395
635604.730215828
635642.311202878
635667.478905873
635670.985051948
635696.189584616
635682.299513558
635715.171521397
635745.594221503
635769.582998704
635804.999872716
635792.267018536
635816.735189533
635824.026521504
635848.40620222
635866.101203946
635876.555090359
635877.643349748
635854.636851675
635857.008486463
635851.104941117
635847.064947096
635839.85728755
635822.234413746
635806.155433881
635773.972647855
635757.300804782
635734.080999167
635710.968403689
635678.077642213
635641.854507868
635620.110920828
635605.682054888
635587.620794912
635563.724268801
635532.706978191
635494.108611387
635474.581213955
635453.959883957
635432.733531021
635404.764428503
635364.827422506
635347.328078084
635325.978403952
635306.142736449
635276.763832103
635238.832635509
635218.558803687
635199.766085209
635175.77372797
635150.125094898
635109.654065341
635092.009959229
635069.453361798
635050.009833858
635021.511715443
634981.422352198
634964.897276544
634945.084445246
634928.58027866
634902.885966775
634874.99220299
634832.262921096
634817.679384949
634798.02447171
634780.526706161
634756.373347502
634726.720386175
634687.189759096
634668.40488194
634652.856107203
634632.623701103
634615.23365499
634587.774578581
634545.177668189
634530.087465172
634508.48470013
634494.879923845
634474.247940968
634443.669185634
634405.80225932
634382.665690539
634355.196243764
634341.864872613
634332.187348732
634307.653343698
634290.635412396
634264.179023234
634234.949825848
634205.353792482
634180.26850054
634147.003110769
634126.48142828
634089.900852278
634073.77162881
634045.703624384
634020.171435861
633992.525771716
633966.884366699
633943.828408354
633915.545706817
633897.242296795
633866.45393801
633853.027357563
633819.900669257
633811.40711397
633790.337318687
633770.400083475
633751.270005967
633731.07605888
633716.916562286
633694.879807343
633685.521948794
633661.873146297
633656.996993027
633632.049537033
633631.195162348
633619.269065023
633608.832933489
633597.02888486
633588.466698214
633577.364328772
633568.707180177
633559.782699783
633551.424926734
633544.081982118
633536.455574011
633530.100790144
633523.658945038
633517.731999193
633512.930855928
633506.930859375
633504.212254434
633497.719142629
633497.493882267
633490.179286021
633492.811712691
633484.442406717
633490.242149822
633480.676002942
633489.893679652
633479.066703257
633491.895072023
633479.801590222
633496.380824562
633483.047851232
633503.475061196
633510.55521747
633513.639957062
633524.026896837
633525.501003403
633538.191241895
633537.995221316
633555.225573597
633553.08347061
633575.052893142
633570.654418151
633597.544882253
633590.548923715
633622.528917418
633612.569050302
633649.798269984
633669.032752017
633676.177725999
633703.652499096
633748.652012721
633791.519675706
633790.938917357
633821.588735435
633832.544621752
633829.23065787
633849.768573505
633878.112805035
633905.72200837
633927.511617022
633935.968349937
633916.897605505
633926.20257704
633927.734147699
633929.624648081
633931.395978241
633919.004531571
633898.532135584
633889.017774206
633880.13586269
633864.525224082
633851.565338251
633830.375551635
633800.819727806
633769.714797055
633727.318800405
633709.730896634
633688.771748592
633668.250206484
633642.061374522
633608.92782364
633570.348425294
633547.763248726
633529.3064423
633504.780568171
633480.825991623
633445.719546704
633407.880495033
633382.841601513
633359.697968897
633332.802412033
633299.764296855
633260.88113591
633237.587244375
633213.227489535
633187.077788156
633153.015977543
633115.036111077
633090.666769369
633067.508798592
633040.212140666
633008.467299127
632967.648569566
632947.287033176
632921.971078012
632901.057463818
632867.371056624
632830.273349959
632811.174651537
632791.132750356
632771.738480977
632746.607985807
632716.623144004
632673.911313224
632657.810796101
632634.970718436
632620.992395508
632597.303000424
632567.465408121
632526.323144321
632507.532543704
632490.987531172
632470.208655217
632451.934641788
632419.27131183
632397.676172131
632369.33587188
632341.52288492
632301.436011301
632281.098331026
632246.465059553
632238.59985623
632222.176412002
632204.090599448
632181.807890429
632145.781970786
632112.436501754
632080.209201482
632064.859861502
632047.186825625
632036.678134408
632018.503987306
631987.158219251
631964.912350334
631932.978518446
631904.833579214
631872.825383613
631846.256651127
631807.858820299
631785.182108878
631754.975481475
631742.685269438
631713.430211107
631706.619412856
631695.178389337
631676.794747701
631655.838668395
631635.69989236
631612.043974787
631597.133108618
631585.772596307
631558.920074294
631542.963306216
631514.113250399
631499.786026692
631478.235116709
631459.630090876
631439.035986478
631422.040251
631404.971545013
631387.780838448
631373.663962086
631356.589427786
631344.801144658
631328.174204463
631318.075937888
631302.239742541
631293.210355016
631278.511602683
631269.981302702
631256.763812868
631248.241952337
631236.839595842
631227.933914381
631218.66265589
631209.087283578
631202.238898382
631191.814666583
631187.654954561
631176.300347241
631175.068164888
631162.780566136
631164.688739639
631151.518507162
631156.756754138
631142.777963953
631151.519493196
631136.799888654
631149.206988924
631147.918715839
631148.496167867
631148.842350513
631149.957231315
631154.707278152
631154.444191334
631163.923245195
631161.891439393
631176.394278886
631172.156700587
631191.942492809
631185.031115445
631210.320923124
631200.254264355
631231.231977408
631266.040590556
631286.011410898
631290.453602865
631309.53364217
631298.996993967
631324.656762036
631354.013095381
631369.749039066
631402.089740104
631390.998617889
631407.305153449
631419.563857915
631424.699526676
631437.328971322
631438.511054706
631432.646017142
631418.759463776
631400.226452955
631373.010481603
631345.639059979
631305.603463695
631287.333433719
631269.844029097
631251.225991247
631232.778915438
631205.651562016
631169.420952789
631148.299357103
631123.836837128
631092.547258979
631054.948372405
631033.370773197
631016.846960679
631000.209760443
630974.536807185
630946.115439987
630905.298038504
630887.564186773
630863.138443753
630844.380770297
630814.280340205
630775.923968874
630754.943462142
630735.136581886
630711.538011426
630683.584796912
630643.259291449
630625.051096665
630601.75914814
630580.897503147
630549.280970771
630512.499759151
630490.672768203
630472.238998311
630447.933318297
630423.241043654
630382.180768574
630366.218624252
630345.898327665
630329.644861742
630306.02000559
630276.739041236
630237.38474929
630219.331125512
630203.372184434
630184.765461102
630166.872698445
630139.637711613
630098.380910552
630084.1524504
630066.73854861
630055.115873275
630033.51783305
630006.741405917
629988.019165282
629966.680099635
629941.037441988
629911.877885776
629870.368083513
629842.115248426
629828.03515687
629819.791010755
629807.296073578
629793.986426198
629770.487600971
629737.810186815
629703.026011272
629677.242004048
629660.422485857
629637.66942112
629606.186879905
629569.125183953
629541.964003284
629512.748150066
629488.995778753
629466.374470758
629446.121274927
629418.102914063
629378.349551969
629359.672634301
629334.55082364
629314.304380214
629293.06427022
629281.121864869
629256.127862254
629237.222231732
629207.375791997
629194.144327619
629162.315964808
629154.484767414
629134.478380371
629116.29635342
629098.186131918
629080.515406469
629067.216229695
629048.317794589
629039.450797917
629019.524648973
629014.611779188
628993.893856804
628992.379719456
628971.144643043
628972.427991586
628962.498046615
628955.997907551
628944.651023167
628941.228168395
628929.392243022
628926.275736552
628915.69912868
628913.144610291
628903.507854212
628901.817875354
628892.846996302
628892.365993122
628883.833016886
628884.937601977
628876.655622175
628879.742198424
628871.558350139
628877.030540603
628868.815549979
628877.069576173
628868.704836137
628880.116520411
628871.481096156
628886.394657258
628877.351963153
628896.071245846
628886.457464752
628909.241435027
628917.30794668
628924.174980651
628935.652976382
628941.28929925
628957.622612013
628997.226258503
628999.742063087
629023.779123455
629017.87672703
629041.622154947
629032.795897062
629062.23330869
629096.188390864
629114.609161892
629120.324465689
629137.722272128
629129.921083276
629153.627064631
629183.56851245
629196.996501019
629229.509344438
629221.646248536
629235.726082541
629217.100578062
629235.287676373
629249.859791155
629258.97858454
629275.022490305
629256.29432162
629264.421360648
629259.308325983
629265.380834533
629264.76577264
629256.023576308
629240.295645652
629210.94045669
629197.004117908
629175.94837678
629155.40639548
629128.691634598
629087.710979166
629075.976156595
629055.931747912
629046.976787627
629028.060080571
629002.119516732
628972.359060332
628933.177109553
628916.879587428
628894.330074004
628878.843327582
628852.693836948
628813.757123681
628798.398499144
628781.445420909
628765.168355107
628742.570874792
628713.023428698
628675.933348453
628656.959823119
628636.432884939
628615.2932925
628586.832885061
628549.389111275
628531.449391406
628511.631371459
628491.972371918
628464.681734834
628426.936159554
628409.966024164
628392.889377596
628374.08297768
628352.124785361
628319.972602258
628285.151592866
628263.957645501
628248.346074169
628226.228935203
628205.867189319
628175.258382811
628137.920879534
628119.705475306
628101.283856945
628084.93954929
628060.189461918
628033.909753141
627994.967271608
627978.924374668
627960.606695792
627944.062548089
627923.219710389
627892.290300098
627857.995756987
627836.128512484
627824.16749602
627809.758402375
627786.042644512
627756.380192286
627720.326090206
627698.114899221
627680.78285779
627653.139123744
627630.530270696
627596.416813537
627564.142948366
627553.132714153
627539.263346225
627520.030841784
627507.900514003
627486.895066599
627464.91672748
627435.47015096
627406.742865108
627382.43677036
627349.99642858
627331.311209334
627305.186682555
627275.37766676
627241.014168668
627217.241230477
627195.171463471
627181.879604157
627175.206783364
627152.183871036
627141.103112337
627111.295935071
627105.922537337
627088.221517041
627071.977995157
627056.153073677
627040.248836091
627028.95333782
627011.934886603
627004.701643623
626986.889203429
626983.173247417
626964.917179197
626964.124564029
626945.797763535
626947.318175999
626929.305435997
626932.543795925
626924.439236653
626921.82651702
626911.059863636
626913.100011749
626900.962468893
626904.204203672
626892.674035317
626897.296112982
626886.244226947
626892.438750267
626881.779856242
626889.757369055
626879.433590248
626889.426593752
626879.388945086
626891.653667668
626881.843146342
626896.657357679
626899.99908178
626905.710154849
626909.18362652
626917.089052086
626922.124742522
626929.330830143
626938.459898355
626944.551412784
626958.1946859
626962.746954304
626981.260798876
626983.852268122
627007.518083242
627007.743851326
627036.76619095
627079.770617432
627097.527751765
627113.098856647
627129.619367886
627132.305062873
627154.905323634
627194.827802627
627231.844110537
627265.870807796
627255.418495642
627276.65744777
627282.43052146
627272.753597019
627288.138831506
627304.280399167
627308.513999973
627302.745810183
627307.508760156
627290.812615176
627303.56735879
627316.515178205
627320.829075775
627334.489395876
627316.057500473
627320.606828037
627318.747605223
627315.040968044
627311.540323076
627293.194457514
627280.307278709
627252.146241996
627234.408806574
627210.82715337
627187.412272167
627156.641618938
627117.954840432
627101.187827593
627080.230633742
627065.178258865
627037.614010535
627011.844704546
626973.408973884
626955.409805477
626935.889190565
626917.189961002
626892.429983928
626860.429538197
626824.056932439
626802.74273243
626783.195694656
626760.297786107
626733.332611604
626693.373162747
626677.169585971
626656.280376644
626638.301398787
626611.094334033
626572.443128669
626556.108699881
626538.468230098
626520.833773766
626497.625776027
626467.232633482
626429.235022904
626410.458651863
626389.854386681
626370.843377468
626343.257567316
626312.62433667
626273.152153459
626255.225293432
626231.88020949
626215.012960079
626188.17211251
626147.863305096
626133.191009512
626115.818425572
626102.898065898
626080.752526023
626057.788426501
626025.650824591
625987.78151462
625968.020652071
625946.51609699
625928.937988521
625898.506169323
625871.189282117
625835.465929045
625812.254615581
625794.77497718
625773.163444823
625742.832726147
625706.72682635
625684.039560584
625658.330240232
625646.867914112
625636.990216825
625614.921981904
625598.503387019
625571.674921414
625545.428212694
625514.260551165
625493.517732581
625467.284437349
625435.280970046
625400.952719982
625374.764395284
625352.253479938
625336.161314223
625314.507796349
625303.819464303
625279.096843321
625273.66468733
625246.152020048
625245.771376253
625234.179187376
625220.012697231
625210.932026275
625195.584031163
625189.188370619
625172.032668059
625170.023826538
625151.389473512
625153.468230474
625133.73419647
625139.538106599
625133.918276175
625129.18912439
625124.126173564
625121.069704548
625116.925809838
625113.90740694
625112.387863812
625109.708562755
625110.465799753
625108.445321623
625111.110095115
625110.079882208
625114.270797904
625114.567073658
625119.903183639
625121.860735388
625127.973010152
625131.918121057
625138.458718302
625144.702422447
625151.352402209
625160.186209083
625166.659831239
625178.351145104
625184.395799102
625199.186495223
625204.581829545
625222.689924262
625227.243043615
625248.865233276
625252.403111824
625277.718967849
625280.079189409
625309.256653515
625310.277274341
625343.47891567
625342.988707868
625380.378499545
625430.202069921
625455.173344087
625474.318281562
625497.129541587
625502.502348227
625530.559602289
625578.922881827
625583.157187875
625619.688646444
625611.555893918
625648.645875843
625636.912677667
625680.596600143
625706.886503106
625761.139766423
625764.960848548
625803.893456665
625791.069650019
625832.626179942
625871.787854802
625904.51271828
625951.56468009
625943.263771287
625977.012138602
625992.998221998
626028.11825506
626056.801293697
626078.556191203
626087.119068471
626068.854252066
626078.799937041
626080.891439752
626084.160249124
626086.364218941
626075.979474128
626068.904080415
626039.691213203
626030.442811996
626012.827533584
625998.143861152
625972.442181743
625949.254737411
625908.160637522
625892.860177776
625875.992221879
625860.416326356
625841.885139544
625813.533945287
625784.126987563
625744.352443299
625725.142755426
625702.19506962
625683.242938934
625654.250048377
625615.146973361
625597.464890101
625579.508337731
625560.410206458
625537.074149767
625504.404131499
625467.482688166
625445.048676424
625424.937796642
625400.183735252
625372.79516136
625331.027558849
625314.890004675
625290.949526126
625274.071051766
625246.426597651
625206.068595262
625189.317945016
625170.607655043
625154.267586531
625129.919042548
625102.679408217
625059.875247214
625046.037532569
625026.90774435
625009.363478447
624986.43440944
624956.047844476
624918.057563981
624897.808419775
624883.748484602
624869.210626193
624845.848969999
624820.939232824
624777.099075179
624765.306870884
624747.674579157
624729.852587131
624701.940510129
624685.444742055
624664.569929532
624639.421899568
624611.543653952
624573.140079345
624552.435774875
624518.952934178
624510.362491569
624475.353244461
624472.829577348
624456.122731995
624445.222216739
624418.053436633
624401.605758082
624366.700856438
624356.038679091
624332.853392559
624314.363940306
624286.753436555
624261.590979102
624229.739001408
624209.832949837
624175.612880083
624160.68613464
624134.698168761
624112.356873336
624087.241319424
624066.065581704
624046.159732983
624023.377710442
624008.646380222
623984.46866709
623974.742700509
623949.420390846
623944.39238205
623918.216920398
623917.450006647
623903.546084504
623892.551412855
623879.478415427
623870.185509168
623860.208701506
623850.923087095
623843.513648252
623834.50642517
623829.103741972
623820.690402543
623816.731004237
623809.265620797
623806.209815786
623800.073725124
623797.429253604
623793.019736997
623790.363341573
623788.081462449
623785.071832586
623785.308837148
623781.692489397
623784.817824307
623780.425451527
623786.77463271
623781.509401191
623791.377109065
623785.199364172
623798.836692027
623791.742155742
623809.356384499
623801.351375641
623823.109467636
623814.185594173
623840.221395466
623851.022676163
623858.979992511
623873.989990255
623879.93779136
623899.817504668
623903.991537401
623928.990797416
623930.971667297
623961.311343991
623960.653762572
623996.526068297
623992.773604519
624034.34488884
624082.801758074
624113.569854566
624126.870871449
624156.836202829
624152.798847202
624189.37241198
624232.888212424
624259.793126877
624268.910313141
624296.133972667
624287.569240534
624322.658481651
624360.007676453
624386.768271562
624429.775663457
624460.621738667
624448.210290702
624474.891568118
624482.985105288
624505.680804885
624511.36385706
624527.606377696
624532.418632265
624531.314053705
624521.803278594
624509.031258587
624487.2772485
624466.339854483
624436.9096713
624396.956379172
624381.528684253
624363.13380378
624351.384735999
624328.724953311
624308.008433335
624277.780895999
624238.945641848
624221.369964126
624202.238570117
624185.847903622
624160.812876065
624132.765880248
624092.6188367
624076.000925437
624053.501558695
624035.300924818
624005.563177168
623969.024078237
623949.588580196
623931.32750512
623909.735174157
623883.608959698
623844.25654833
623827.08930369
623807.164620514
623786.443015602
623760.548110444
623719.943555739
623705.514619294
623683.592449585
623668.762245039
623643.586767286
623613.035178777
623574.777530189
623555.637453093
623536.963372691
623516.721037075
623494.177020097
623461.36077154
623426.365659109
623404.877694319
623392.237066017
623378.168077379
623356.104951349
623332.430504647
623289.712264429
623279.46647552
623258.777850412
623251.478938006
623224.176277934
623212.884344397
623193.248970561
623177.310075199
623153.220689017
623120.690727583
623084.685037902
623060.093514437
623034.54602856
623019.929260072
623009.276030907
622993.142583575
622959.823364121
622942.536795936
622914.597523537
622886.212770049
622860.039537448
622833.644760451
622796.566566257
622777.19845379
622746.168537038
622736.820325722
622706.78193629
622701.676348179
622683.710839284
622666.70975615
622650.404296533
622632.869838737
622621.257482322
622601.54417501
622594.838173782
622572.952912601
622571.291554421
622547.313930093
622550.728793761
622541.109727931
622531.128649125
622524.321898396
622513.522675607
622511.625858032
622499.322398503
622502.048035436
622488.592044498
622495.496572944
622481.345952505
622491.850685497
622489.003968652
622490.293672718
622487.29110838
622491.368118031
622490.495318628
622495.55873608
622496.211832889
622502.743629139
622504.322718169
622512.801206673
622514.74160896
622525.621197351
622527.419524294
622541.113004407
622542.347408541
622559.212248854
622559.554796704
622579.884834095
622579.10539982
622603.128309805
622601.089494676
622628.969553082
622625.611640528
622657.456391384
622675.762039802
622688.901093001
622711.132649973
622722.031987959
622746.691370944
622755.947383392
622785.190823103
622837.535513022
622846.246867469
622883.489357331
622882.080473071
622917.754580591
622914.234255377
622955.171021647
622979.009032314
622993.173387054
623024.666087581
623032.508956411
623069.962834878
623074.470556076
623118.172548877
623175.508625319
623209.125150232
623230.426793217
623263.933588145
623267.16994315
623308.049986567
623361.009144106
623415.732449163
623416.181637992
623462.532874158
623488.264973006
623534.919533745
623575.083704441
623599.679681525
623630.339948537
623649.615611226
623657.693818885
623668.585760969
623669.520551241
623662.20961263
623654.135145065
623633.69099461
623617.352290458
623591.690496793
623550.833923248
623539.360850605
623522.559808649
623514.145406369
623498.277177221
623476.94446602
623451.046108835
623410.894619986
623399.204380025
623381.083382907
623371.137059703
623348.707497181
623327.625158436
623295.8322706
623260.738419364
623239.460268869
623220.1425927
623197.567467655
623169.619306064
623132.547695891
623114.704889706
623093.926589231
623073.744410847
623044.346583999
623009.320229924
622989.222174134
622971.313924448
622947.995200008
622922.915040413
622885.073781223
622868.420596722
622847.818685699
622829.86040602
622803.948939323
622765.234461867
622752.02331437
622733.93867541
622721.943580666
622698.693310972
622676.663691555
622637.781319882
622624.135819168
622609.099569128
622595.272332432
622579.597395169
622553.010837154
622528.455355307
622491.253186004
622474.555591886
622459.273622076
622441.619668713
622424.629054505
622398.598352926
622359.438318375
622346.53318469
622326.811818178
622305.654598138
622294.877985055
622282.423692452
622262.457469386
622243.523643338
622214.337831133
622189.939973596
622154.484217583
622137.145474911
622109.131553614
622081.578829797
622048.157604807
622024.888925714
621999.083190729
621985.022536829
621959.116377924
621949.556871794
621920.969194683
621915.732676932
621898.000435703
621881.756426857
621865.213148291
621848.710791312
621836.63221048
621818.073500575
621810.592552707
621790.118893043
621787.330212154
621765.120926858
621767.051004713
621756.605511579
621748.047898479
621739.315691411
621731.297409975
621727.263313319
621718.090655276
621718.574138201
621708.501194373
621713.179031516
621702.536875496
621710.953501182
621700.142753257
621711.731996623
621701.209504259
621715.325588487
621717.667849419
621723.56188958
621724.69903325
621734.53296903
621734.683059127
621746.156795659
621746.944843152
621760.378058367
621761.367864848
621777.072631586
621777.88476684
621796.161432691
621796.482827281
621817.614901864
621817.200455645
621841.451037536
621840.120530267
621867.731515043
621865.3605917
621896.553288092
621914.498312157
621928.381245218
621949.673024171
621961.873127896
621985.556461439
621996.092255154
622024.478660838
622033.135240801
622066.504146257
622073.0738451
622111.652660065
622168.029995188
622195.371944466
622220.458977072
622227.972991918
622262.463777654
622294.777326762
622355.824027342
622410.776613278
622421.170898465
622458.854695665
622447.488076303
622487.480562668
622509.478401986
622559.194073678
622602.324246255
622602.951068942
622635.622608443
622614.691806045
622651.546303755
622669.326503339
622708.327625323
622739.397031668
622726.838618331
622754.452284259
622764.195887233
622775.695033857
622797.424768191
622812.462181864
622821.976151739
622822.138753441
622813.030947569
622799.199119705
622777.556402021
622754.423108604
622714.191687154
622701.766486435
622685.447132702
622673.819549196
622656.821807245
622632.786795683
622605.994752853
622565.657744521
622552.387562768
622531.872871267
622519.899677997
622497.671090238
622470.6106922
622431.384245267
622416.132303086
622397.71516289
622381.154273601
622357.734971377
622327.899121617
622291.394329914
622272.108250194
622252.523340307
622231.562934949
622204.455436051
622166.495262813
622149.689509426
622130.925135077
622112.000131469
622087.34220138
622047.484034817
622034.163039156
622015.013303233
622001.180804199
621976.395361525
621950.833494357
621912.376832491
621895.753094618
621876.370348853
621859.235206813
621836.232547101
621805.723358734
621770.03068694
621749.891846131
621735.99595006
621719.595663972
621696.70980583
621665.897729843
621646.352059324
621620.610869546
621594.564441873
621555.726680992
621539.201450474
621508.127289793
621505.282677897
621495.555868623
621484.637003176
621471.220193996
621444.492096192
621421.84742665
621395.46958704
621369.243544928
621349.950890829
621328.488447193
621299.288110239
621269.45321157
621235.971639791
621210.58718718
621182.941136036
621168.224371745
621151.496772835
621125.874819002
621102.746301915
621075.709838257
621050.562352554
621028.99798884
621000.680571703
620984.430719955
620953.369196996
620942.238690285
620919.879168349
620900.563243299
620879.092869505
620860.645471501
620843.970852494
620824.024209921
620811.970702485
620790.847549952
620783.172035022
620761.204337334
620757.597839242
620735.120962885
620735.215425852
620724.699453415
620717.011200885
620706.315969477
620701.43957691
620691.66118776
620687.00442951
620679.848246202
620675.566717517
620670.699544511
620666.977234235
620664.046046827
620661.102548788
620659.743902622
620657.836617772
620657.686067334
620657.109333184
620657.811858352
620658.893316109
620660.111408145
620663.203357794
620664.622366395
620670.092002393
620671.425054505
620679.6440293
620680.633393319
620691.966412391
620692.382291744
620707.176934918
620706.813909357
620725.391481604
620724.061566041
620746.709561525
620744.234112491
620771.202790577
620767.404472599
620798.906662241
620793.600813433
620829.814212274
620849.419783755
620861.670212312
620887.660523782
620895.074984533
620926.441607768
620931.13222322
620968.133598553
620969.684667582
621012.53534162
621010.554364951
621059.427159103
621053.554816429
621108.585571374
621144.618012658
621158.194423621
621206.881602864
621207.44417914
621261.006727899
621321.226244448
621365.222213859
621435.297243283
621489.145606957
621492.434575618
621535.584896852
621557.350005991
621603.194479445
621641.040283282
621674.562934388
621693.048669688
621680.890154013
621700.543451325
621713.816035021
621727.565516304
621744.300940059
621745.294847484
621754.100519138
621732.07165841
621736.500190838
621730.222909656
621732.846203846
621728.14355767
621716.480270578
621702.770059081
621679.045819438
621656.477182038
621624.738937695
621587.179605939
621568.018647601
621549.464698994
621531.869382937
621507.36913266
621478.575016721
621439.422439791
621422.38907083
621401.363581484
621383.265735529
621355.58866199
621317.773032719
621300.639875829
621282.581281757
621263.55327099
621238.600423049
621206.124416859
621169.948225718
621148.199061984
621124.658119439
621101.513375809
621067.743256483
621033.873516804
621009.586291998
620992.199704051
620969.413985014
620940.95706122
620902.039230984
620884.648726582
620867.038388657
620848.252015294
620827.484169105
620795.829029231
620760.570632561
620739.852033194
620727.813282178
620714.651558628
620692.94691441
620670.204653259
620626.79432365
620599.827645429
620590.442003127
620587.96682966
620585.349286599
620581.287638899
620564.037975224
620543.180864846
620527.116894276
620513.037228104
620488.200158385
620467.073478916
620435.580403201
620401.014445761
620377.256166904
620345.235349141
620333.455841426
620314.771503119
620292.025290982
620265.768784711
620241.361685587
620212.77348103
620193.457078751
620162.13916582
620147.713701525
620113.956206502
620104.261598946
620082.160898012
620061.154183666
620040.784051641
620019.387838145
620003.807313005
619980.348016623
619969.614909261
619944.153689164
619938.274123258
619910.919190878
619909.825433553
619897.758367622
619884.282877696
619874.419490049
619860.630524265
619853.389081112
619838.203027185
619835.277475805
619818.966716087
619820.01313238
619802.946815856
619807.516876954
619790.149421986
619797.710542481
619793.67758142
619792.153260427
619787.619257842
619789.253903579
619784.448412202
619787.334891865
619783.87294241
619788.426901548
619785.874654278
619792.506674566
619790.453833151
619799.553561114
619797.626232451
619809.552012069
619807.423119848
619822.493103783
619819.886863267
619838.373535324
619835.065204425
619857.193796313
619853.00454343
619878.955430462
619873.743077237
619903.658125636
619918.170329147
619929.561280146
619948.096037444
619957.220666061
619980.306971288
619987.598315989
620015.475292873
620020.662561923
620053.538728807
620104.56295608
620110.399914492
620150.844491035
620143.779295792
620184.22104201
620208.816988463
620219.483896753
620252.838952327
620255.703962434
620293.448183455
620292.567347563
620336.836541172
620331.845051028
620382.866553656
620436.1747456
620477.645223188
620490.362217105
620532.080877189
620524.32138933
620573.691148326
620622.336442377
620663.175825799
620721.091686481
620717.54839814
620760.495939504
620793.161143238
620826.200705434
620866.112319022
620884.965741176
620915.559428865
620901.504719843
620923.111823283
620934.176898398
620949.278481048
620963.212991959
620965.657196235
620970.759052221
620966.51130812
620956.287272124
620942.359352271
620920.704021164
620898.06353762
620864.9803503
620830.569211465
620813.40274585
620796.821462661
620781.001932831
620760.913880076
620735.109823555
620695.116646361
620682.248376028
620665.18619771
620652.732319166
620631.938952475
620607.22328849
620567.226889726
620553.324227679
620534.319620657
620518.405841946
620494.084731509
620463.973585344
620427.871242043
620407.152597394
620386.742478546
620362.850821869
620334.666797377
620296.209112385
620279.288677831
620255.83901249
620238.258993509
620210.076375813
620172.529597846
620155.424984923
620136.441316763
620120.096759755
620094.20684419
620067.517921399
620029.889515723
620012.379059533
619994.213142021
619976.363192054
619955.620676454
619924.642161346
619890.33360598
619869.737987744
619859.451354418
619847.963805827
619816.844235807
619807.546752481
619788.41459244
619764.628201117
619744.3605496
619716.376122369
619683.19173169
619662.176613667
619645.545144271
619620.584506129
619600.181072598
619569.35953108
619536.368580358
619512.630759796
619482.676539615
619470.405658004
619452.830447422
619429.25899448
619404.938452666
619379.292890307
619353.141123704
619332.04366379
619303.309436537
619286.481416009
619255.52535187
619242.754879595
619209.928239591
619201.067116916
619179.423512588
619160.054536011
619139.378961336
619120.672129011
619104.076934506
619084.171340922
619071.779854738
619050.809068165
619042.693339563
619020.818218373
619016.972039745
618994.390598262
618994.710929183
618984.654912315
618976.615753219
618967.197440216
618961.389639548
618953.766295011
618947.890229995
618943.70862752
618938.010528404
618936.84126022
618931.635307706
618932.951519424
618928.61375742
618931.81840159
618928.775582813
618933.233687675
618931.945732838
618937.017275658
618937.956969534
618943.031335369
618946.66538845
618951.192452487
618957.961768545
618961.475760322
618971.778780892
618973.914727949
618988.094889491
618988.594898117
619006.932325033
619005.641839076
619028.351066272
619025.206158887
619052.439725696
619047.446568967
619079.304039479
619095.6358941
619106.989781501
619128.375955
619136.36681057
619162.818268108
619168.716802688
619200.412897648
619204.062417212
619241.156436945
619242.370876744
619284.996751957
619283.553451772
619331.83450548
619361.923885173
619426.999157926
619484.00443488
619498.473077506
619538.17386917
619530.313859384
619571.464774318
619559.129971937
619607.535578132
619637.576589682
619694.018413563
619696.950165016
619741.109871666
619724.513169018
619773.377774416
619801.526993242
619854.699665193
619899.78565988
619891.790772332
619933.357895896
619954.121045291
619981.864450014
620017.490991812
620046.680799356
620069.742972112
620079.632682479
620090.039002992
620086.161154492
620087.261579879
620079.528839183
620063.728787025
620046.61210687
620019.149872669
619991.886396524
619954.324067477
619938.27268039
619920.52242052
619906.547271796
619886.216933505
619860.874844161
619828.74968492
619808.032347798
619782.059747998
619753.575563321
619715.283622812
619699.881952513
619679.404411042
619663.782525316
619636.789053361
619608.37094628
619571.008331697
619552.92436878
619530.394771687
619509.827541741
619478.980117509
619444.706911715
619424.67761981
619404.729467252
619383.355515836
619353.726222126
619319.53801075
619298.734165278
619282.32401361
619258.179082517
619235.870355045
619199.19257372
619182.595902713
619166.284792462
619147.376743199
619127.776984915
619098.979831232
619062.083622886
619045.800190749
619027.268319525
619013.804564618
618988.619484629
618966.495380171
618929.565876324
618913.905665126
618900.810874053
618883.479693533
618869.853089845
618842.160839372
618825.080815643
618802.26943297
618778.967374052
618749.945830325
618711.497875937
618685.019407368
618672.398992177
618644.628747227
618649.228236085
618640.073355943
618640.378984053
618620.354001327
618612.977676364
618584.968552868
618581.938494697
618565.95932154
618557.9302813
618537.246678864
618519.522271628
618494.605613338
618479.911246528
618452.782081371
618441.909211632
618412.939498522
618405.941085454
618386.735612131
618370.820412268
618352.317757054
618337.690325224
618323.63489853
618307.990968932
618298.588077538
618282.108809406
618277.456334037
618260.344884719
618260.404845723
618242.891754346
618247.475598727
618229.822511902
618238.589834833
618236.058885478
618234.583903977
618233.177634415
618233.870605581
618233.572518097
618234.858532388
618237.081216382
618239.188037667
618243.30373546
618246.508091332
618251.8578149
618256.482593847
618262.412765968
618268.819716962
618274.717179582
618283.296398253
618288.619860581
618299.777352007
618304.080030155
618318.221229373
618321.163149604
618338.678451908
618340.032049443
618361.285287984
618360.929576271
618386.247410512
618384.151825336
618413.81601753
618410.016247688
618444.260559207
618462.731534565
618475.788219532
618499.748080902
618509.360607001
618538.625587742
618546.337867646
618581.153977341
618586.801907444
618627.351884412
618630.733664786
618677.143819894
618678.014498078
618730.363625448
618766.05280013
618785.698501316
618831.341934354
618841.984230198
618892.122714189
618959.922389113
619029.824781435
619099.851149562
619140.630480527
619152.188227835
619187.85787067
619230.139465027
619257.260408743
619305.256006859
619338.77005492
619332.669060664
619359.594036921
619369.720313619
619396.790430087
619416.193783303
619429.776943341
619434.623987617
619436.563779283
619429.093887331
619422.926671675
619408.239952891
619387.973915817
619364.163404821
619332.824850216
619297.946482232
619278.477125558
619267.045458821
619253.693725093
619234.474803827
619211.39120911
619180.54306756
619145.498319727
619125.921948542
619111.605049483
619091.232150036
619072.452268664
619042.818380671
619006.822302932
618987.432795708
618968.905790959
618947.885755717
618921.562978231
618883.731220175
618867.290217418
618846.841585682
618827.907204011
618799.422561841
618764.014214468
618744.713484799
618727.415412316
618704.965834872
618681.198979651
618642.699490974
618627.213890481
618607.528868781
618590.987609097
618567.09563225
618537.087829534
618501.237482565
618481.790735792
618466.463205317
618446.196706938
618427.978667942
618400.51519172
618361.588392719
618347.823129636
618330.302216729
618320.090438064
618298.260542854
618279.710212767
618251.957466526
618212.267197003
618197.805467205
618178.4551899
618155.739130084
618145.445203416
618133.990526773
618116.153376682
618099.167628582
618072.62310844
618033.963108242
618017.638631451
617995.096871943
617980.153324081
617958.005231608
617926.512320085
617891.052435413
617868.75074391
617842.613454021
617819.377161967
617794.540291782
617775.04426987
617745.9632894
617721.140709476
617686.684957164
617667.956232898
617638.971625863
617614.745403961
617585.669205872
617562.871660739
617538.894133783
617514.093974488
617495.363879918
617468.781402418
617455.37027782
617427.239090765
617419.115330825
617389.686693378
617386.699145217
617370.995544415
617356.383735283
617343.083836144
617328.954071237
617320.219978113
617305.40470711
617300.845440586
617285.543417187
617284.660247519
617269.125914557
617271.337222969
617255.880840759
617260.554278492
617245.536058384
617252.022620676
617247.234491941
617247.738225048
617240.450513681
617245.659544601
617236.893763621
617243.631482744
617235.216227011
617243.777083198
617235.4757215
617246.174250432
617237.808868926
617250.973130778
617242.415679905
617258.379586293
617249.538274861
617268.633873858
617273.830335719
617280.665010925
617287.597689386
617295.050131152
617306.2188508
617312.699575179
617328.521590551
617333.769088915
617354.589306553
617358.341425898
617384.423156299
617429.386784578
617433.282772815
617467.120176205
617460.110816894
617494.340989597
617514.406388873
617562.498378811
617604.657819642
617611.903566513
617636.534871563
617625.618125458
617652.128394221
617637.696186905
617670.868992591
617686.902030019
617689.117542854
617714.946788355
617707.854308911
617740.785258891
617778.006274034
617801.777702922
617844.154553748
617838.19908274
617863.58909786
617843.320255747
617873.80210096
617887.061289009
617919.27933294
617943.307784286
617961.570674052
617968.394159188
617973.841629828
617966.382486694
617962.571166312
617948.977689807
617927.860984552
617904.967017939
617871.33029829
617837.83709767
617820.962556187
617803.606035047
617789.319868862
617767.69030455
617744.895537145
617711.815504162
617677.680227558
617660.267992742
617643.289302679
617626.918729154
617605.743480334
617579.072131179
617539.715709639
617525.556619895
617506.908730775
617492.666231183
617468.837191999
617442.017880426
617402.995300306
617386.703663376
617365.188321469
617346.704031976
617318.093278188
617281.764129188
617263.612428324
617245.016018146
617225.227044786
617199.011092582
617161.254468081
617144.384969474
617127.348680085
617107.787757689
617086.308442799
617052.862757791
617019.942687151
617000.806532
616981.799834938
616962.850678625
616937.530218548
616908.906325057
616869.201943987
616854.84227905
616833.137533672
616821.843328892
616802.303965822
616773.898174745
616737.317873788
616720.975749325
616707.960503623
616695.948726882
616676.692948129
616655.090435052
616622.251106246
616589.66232256
616558.427095954
616548.856066574
616538.477547643
616535.138021029
616524.948237031
616503.172812899
616479.951719058
616457.262462557
616428.862330923
616412.045210889
616390.382773265
616362.408703807
616335.778921011
616305.992796437
616278.197991007
616253.379006262
616222.608772772
616202.656233666
616169.271291865
616154.128586619
616128.167954581
616105.985230367
616080.576270503
616059.455508924
616039.12657454
616016.151221775
616001.006783703
615976.342690492
615966.406183656
615940.245543987
615935.437770525
615908.00619752
615908.134129459
615897.068955074
615884.716499979
615876.115269602
615864.036455693
615857.808877635
615845.141671981
615842.802474719
615829.788312381
615830.85085125
615817.792579149
615821.70053573
615808.958501593
615815.115498039
615803.096778294
615810.896369316
615805.670446064
615809.12949463
615800.891655716
615809.902283779
615802.280060285
615813.168044899
615805.89258016
615818.948687016
615811.80112116
615827.3235821
615820.130177334
615838.420120708
615845.235100397
615853.248656831
615860.788098526
615870.247379585
615879.592563805
615888.205884619
615901.791914775
615909.312345113
615927.504669895
615933.706719835
615956.799185352
615961.475514656
615989.687649201
615992.643212936
616026.123492619
616027.168176966
616066.002172609
616117.128269482
616144.891042282
616164.805633846
616191.294234632
616196.857676698
616229.233659122
616279.426274604
616328.76614361
616334.122277889
616370.570471774
616388.771816294
616392.477615192
616420.00977758
616458.45290334
616496.155611816
616491.524714699
616521.56611625
616535.010282633
616565.912374325
616590.815302153
616608.993977466
616614.036793943
616620.473581355
616610.545189247
616596.219325764
616589.007054027
616586.328819709
616573.256380008
616567.076795825
616552.108460574
616520.63362225
616508.778869743
616490.365621592
616466.167559129
616445.520747326
616408.539924466
616395.300374764
616380.916230708
616366.002617589
616350.863818901
616327.490038655
616297.64380253
616262.216154528
616243.09134348
616226.272754902
616205.595832833
616182.956650224
616142.422482301
616130.970014278
616110.595286661
616097.747749399
616073.740323635
616045.339029408
616007.679995183
615990.709102416
615968.605162122
615949.860312697
615919.815436194
615885.867694169
615866.34824196
615850.875168743
615830.022668538
615808.992453057
615777.761410943
615743.10480708
615722.803201569
615706.195601393
615687.099669876
615664.105690593
615635.059775803
615597.893635525
615582.732785058
615564.239653941
615551.77016232
615527.888739311
615506.468687785
615468.543373864
615454.922912705
615441.133760078
615426.794701345
615403.270220816
615391.670444834
615376.415977309
615357.924784771
615336.719736438
615303.609802918
615273.047338173
615242.563254625
615232.567918369
615221.080489604
615215.675672738
615201.812017376
615170.210056656
615156.439316312
615133.403843531
615103.548705827
615076.991135294
615047.213842434
615019.529713781
615006.697903288
614991.033195347
614972.420405267
614960.291494091
614952.02541749
614929.373700448
614914.140755401
614890.603230975
614872.966747262
614855.613641902
614844.713218192
614827.864579921
614797.836983577
614779.945490423
614753.268131478
614729.228269035
614704.596163736
614685.812532918
614658.574087195
614636.020008278
614605.178935482
614589.58050424
614558.160134668
614547.777293451
614525.99770946
614509.200098407
614488.016643232
614474.364500081
614456.952969608
614443.757778167
614429.469091916
614416.885470622
614405.050912319
614393.217494776
614383.185757329
614372.235942091
614363.408726389
614353.483047944
614345.345242962
614336.6016967
614328.742535534
614321.364931718
614313.489532848
614307.69381975
614299.624244499
614295.660911533
614287.325612494
614285.478679658
614276.893170382
614277.476481218
614268.716145852
614272.066530616
614263.235215149
614269.704327719
614260.900540976
614270.844264833
614262.127945159
614275.895965968
614267.26031053
614285.186746635
614276.536063372
614298.93056291
614309.326076852
614317.364201786
614331.45200492
614338.959125169
614356.560492383
614362.514250053
614385.873188845
614389.608637378
614418.994192057
614464.59173075
614467.766410916
614505.279796747
614494.778895756
614534.303925919
614557.794715005
614605.840488555
614647.410149191
614684.199420869
614674.832776052
614700.162224617
614708.106330699
614730.908798368
614734.012462395
614750.429370557
614755.77772616
614737.486405346
614739.75170887
614730.213641085
614728.487078626
614720.64398961
614704.620325277
614684.77184992
614652.893522179
614636.677775211
614613.514100668
614592.022043983
614563.613653166
614525.375945331
614511.278108677
614493.43834398
614482.001437369
614463.168105391
614437.982970248
614409.121533462
614372.271066315
614357.25928117
614336.011535083
614322.357610313
614298.238250834
614261.087724661
614247.904897358
614231.592383428
614217.500999985
614195.458733915
614168.252037501
614132.67271293
614115.576866442
614095.824586322
614076.352065709
614048.856488657
614013.916696329
613997.103511664
613978.83877821
613960.962816628
613935.268054815
613899.799986446
613884.373161185
613870.374722056
613853.679116968
613836.200667084
613807.122428271
613773.917123533
613759.524968922
613745.001759497
613731.201771215
613713.76750398
613690.438643936
613661.679420982
613626.660805422
613609.837327789
613596.565953059
613580.173250803
613564.834229032
613540.560603418
613502.640432893
613491.227145357
613476.473875233
613467.65444155
613448.456730378
613425.473208879
613408.426221543
613390.256704355
613365.534043904
613339.443864416
613305.539150867
613286.074984768
613256.610881273
613249.163135631
613234.588289788
613216.946218614
613196.488328702
613166.733123474
613142.957903801
613100.760189876
613091.565654897
613077.677173536
613061.767614761
613042.759793169
613025.230276582
613002.719266271
612990.585291185
612965.132714114
612958.534476321
612930.25921392
612929.321238898
612915.85602508
612900.521869411
612890.861778126
612873.38592849
612869.772062134
612849.691034561
612852.132621039
612829.595799413
612837.952353416
612834.73775344
612844.268009544
612834.265806634
612832.814348417
612815.964721982
612817.321105226
612799.159943601
612805.170920751
612786.198771733
612796.252237009
612794.21995204
612791.566134983
612791.016476717
612789.731909951
612789.746791473
612789.310158724
612791.291642181
612792.123074108
612795.520974893
612798.023119444
612802.335660989
612806.880458844
612811.674900208
612818.594271109
612823.521509624
612833.101275266
612837.90163976
612850.379442787
612854.880865066
612870.449137979
612874.557435229
612893.368578739
612897.048921905
612919.223685173
612922.47910229
612948.119511959
612950.966238092
612980.16808968
612982.60937147
613015.475357895
613017.477647987
613054.129233493
613077.474783056
613096.606747572
613123.790518094
613141.38483335
613171.155564745
613187.269187752
613221.964089416
613236.099187623
613276.102474195
613287.740366369
613333.414521038
613342.03705544
613393.709872206
613460.31845454
613501.946018502
613529.513895228
613570.959363547
613579.147429439
613627.79300028
613690.932989261
613758.112405774
613821.962143405
613863.65743557
613869.351618052
613906.907128518
613945.731665277
613975.847732954
614021.685399364
614056.316673477
614046.924939207
614078.123574149
614090.740939977
614119.563741635
614130.904612623
614154.649966987
614167.196923092
614148.99945185
614161.080636238
614160.452236519
614169.231597612
614164.921627705
614167.096929612
614159.266568481
614129.873384319
614125.315409624
614113.313797156
614097.602050447
614084.024539123
614060.992213099
614030.252727275
613996.496513708
613977.273103303
613961.475748943
613940.625868983
613920.837810199
613890.482635151
613856.406019741
613836.262985856
613819.771766145
613798.602926248
613775.293885717
613736.17093049
613723.988305272
613704.140155858
613691.1109874
613667.528604121
613639.276201162
613602.646668744
613585.51646306
613566.127066095
613546.993120966
613521.671484419
613483.871847316
613470.842209223
613452.648215838
613440.353959312
613416.711179812
613393.866290017
613356.508577227
613342.205642338
613325.906066727
613311.587001122
613292.999059195
613266.161488721
613238.115352852
613202.238085086
613184.499520029
613166.264158877
613148.800988553
613127.30102696
613096.744858369
613063.888384302
613043.160027151
613019.499897076
613012.648020954
613006.379347871
612991.87519012
612980.80484523
612959.71701282
612927.519935671
612906.657391653
612878.841334236
612849.94761895
612816.357191174
612794.762617087
612765.991930534
612755.77460939
612725.972128749
612721.24687498
612704.198578602
612694.113245544
612672.154607731
612654.537071613
612628.084647171
612615.110793212
612586.28134232
612578.208281257
612558.806244879
612541.802661006
612523.69356742
612506.947172384
612493.978010285
612475.136004115
612467.376160894
612446.539090674
612443.96896749
612421.309711204
612423.803922022
612413.914544167
612405.007954324
612397.288391047
612388.528786267
612385.39588933
612375.617680484
612376.72238809
612366.285305746
612371.167808849
612360.510443206
612368.621672906
612358.243711914
612368.973626223
612359.41332731
612372.1255949
612373.534908867
612380.351597094
612379.652496965
612391.705368095
612389.704945119
612404.011679211
612402.480949154
612419.318294346
612417.985286332
612437.598177716
612436.246925295
612458.849851433
612457.314456469
612483.094047046
612481.247721007
612510.368691395
612524.941767529
612539.397190782
612556.486900486
612570.627273557
612591.757388243
612604.843732509
612630.311640245
612642.089187935
612672.161444443
612682.385129016
612717.294980509
612725.725996952
612765.673302978
612772.075715128
612817.231277245
612821.369298334
612871.880075619
612934.083467312
612973.712589433
612998.648612763
613037.239214943
613044.506913965
613089.319078248
613149.883668908
613212.409248509
613274.660290292
613309.853062336
613318.721432588
613349.687038869
613387.879866689
613410.665983626
613454.670572678
613486.197625719
613481.037214764
613505.666674809
613522.124973269
613537.559020915
613558.147078832
613560.311090663
613573.346101731
613555.881448589
613561.430775125
613561.408882577
613560.991842952
613560.675859785
613547.775864683
613539.393097122
613512.555292753
613501.8458237
613484.12172977
613468.970010769
613446.070938546
613417.98044968
613381.181534413
613364.594050085
613348.770489905
613331.040776515
613311.290421033
613280.525207094
613247.4626589
613227.038033674
613212.617835458
613193.685721493
613169.886189524
613130.696762794
613118.117971634
613099.669480319
613085.353010639
613061.56933557
613034.212287913
612997.152097704
612980.614594078
612959.913758271
612942.549641942
612914.676109574
612879.775920692
612862.647002561
612849.311007031
612831.305559408
612814.633597292
612787.970039999
612750.786474215
612736.046946707
612720.730734212
612707.911669008
612688.457687927
612666.195609053
612634.761576889
612601.449481873
612581.184801972
612569.331242466
612554.668536269
612533.348506536
612509.073095086
612470.957672839
612453.758792353
612430.140010871
612402.63140256
612379.986311965
612351.434872119
612321.51524823
612300.746175231
612276.408534033
612242.93813462
612220.815994896
612178.063768333
612164.373196263
612155.281108696
612148.244206517
612125.679333335
612113.979016071
612092.838852148
612072.117237187
612052.475987128
612037.819928281
612010.832252311
611992.178390424
611958.208024014
611946.212683917
611922.776807014
611902.261398517
611873.787820816
611840.497592462
611819.281721279
611790.15676385
611780.707870282
611751.482148742
611747.990166758
611732.504752924
611716.692791505
611704.582492885
611688.040160344
611681.706695249
611663.607070616
611662.785834293
611643.391089641
611647.675789899
611627.295832726
611636.156207765
611631.229276177
611626.722664178
611623.953400873
611619.891825198
611620.368056015
611616.283757974
611619.456089732
611615.649074665
611620.964788458
611617.772131667
611624.702327819
611622.491590289
611630.556194033
611629.715057651
611638.501267751
611639.424946719
611648.600073864
611651.679433719
611660.99599534
611666.604783924
611675.896658604
611684.380736099
611693.553179149
611705.223133089
611714.236437505
611729.362444415
611738.209587359
611757.019161794
611765.701748317
611788.382825329
611796.887615758
611823.594712497
611831.871123328
611862.733079226
611870.67303219
611905.802147286
611913.226842273
611952.731421635
611959.385546993
612003.380933065
612008.9316816
612057.549428818
612091.146247938
612114.689662008
612155.082998914
612173.226339336
612217.104907043
612232.128844699
612281.770649323
612352.940985111
612368.491292665
612428.753501672
612427.441766259
612487.465580796
612549.406239793
612600.283243837
612673.801935997
612678.884328467
612732.641798193
612718.255574723
612776.351574253
612812.062748178
612876.068967528
612933.715400534
612974.106358921
612979.738531349
613018.615330687
613057.054504037
613089.734730084
613136.000391968
613171.888400916
613160.170685775
613195.08794312
613210.814365647
613232.581020372
613261.817154797
613285.348741026
613303.234943271
613308.852665717
613315.30138792
613307.84000043
613305.793702788
613293.817724618
613274.431498587
613252.861360593
613222.770857084
613188.876598573
613169.649416124
613157.963074898
613143.031894261
613123.440657538
613096.923039808
613061.069778993
613046.633372525
613031.583475533
613016.873750955
612997.330413802
612970.062953442
612935.445172863
612918.625764516
612902.964821061
612884.216475213
612862.904420428
612823.527361826
612813.47120457
612794.101098956
612783.334724868
612761.836256835
612734.524021819
612699.184547895
612682.302998726
612665.567396075
612646.563344181
612624.947897141
612585.072941905
612576.356116627
612561.409234671
612549.252812886
612531.361509878
612507.022891488
612479.745764374
612442.233301175
612429.246380119
612413.102289763
612397.057614087
612377.072313452
612348.706505475
612315.762045708
612297.460858596
612288.32985388
612277.010689387
612258.556057318
612234.457421066
612197.417374255
612183.57207552
612155.205553644
612153.891213714
612147.067148237
612136.586789891
612126.212808609
612100.62207249
612085.54079955
612052.425506099
612044.319206633
612023.944747734
612007.009241474
611981.332262539
611959.209810889
611928.853759456
611912.476938654
611879.7783869
611868.137749068
611844.992364529
611824.379617882
611802.40603917
611782.299003812
611765.244726405
611743.372352679
611731.329662601
611707.815034142
611700.810894035
611675.815594783
611673.789118461
611659.941981095
611648.48326547
611636.280965199
611625.772795351
611618.272419953
611606.83513636
611603.764459207
611591.653790129
611592.617297598
611580.170718102
611584.66661948
611572.294903568
611579.73872452
611567.909520946
611577.665377766
611576.439176961
611580.432962433
611577.226479675
611586.159753145
611581.911842998
611592.788404951
611589.183304241
611602.33375381
611599.027339951
611614.770436777
611611.472173256
611630.108556433
611626.583809135
611648.392958059
611644.459487414
611669.696749066
611680.925246089
611692.669013414
611706.171738773
611717.828805076
611735.621399563
611746.077665982
611768.483094475
611777.514525164
611804.798172302
611812.206384375
611844.57499962
611895.884110791
611904.083853643
611944.243210902
611941.010167639
611981.065245707
612006.420343202
612061.404037383
612111.836029198
612124.253625119
612156.352572983
612150.181344502
612182.465394402
612173.17408958
612212.222811389
612235.887713137
612243.882928715
612277.779143079
612276.676651892
612316.201312195
612362.880778025
612393.751690121
612447.267494832
612448.090292022
612482.206218798
612468.601794962
612507.183811157
612539.563357478
612570.613034311
612609.095633647
612625.856887944
612623.937897759
612642.994187848
612663.556980755
612676.243808201
612698.058355152
612709.883723827
612713.877431913
612712.733979124
612704.546034275
612690.837040263
612673.905016285
612648.403440676
612622.992084556
612587.747126108
612573.135855991
612557.748943313
612544.941826526
612527.471233492
612503.445998788
612477.017196525
612440.317935654
612427.644023529
612409.468211299
612398.501887501
612377.708265019
612353.035158995
612316.00185163
612303.681710168
612286.474694003
612273.344469378
612250.618737671
612224.850764449
612189.322430138
612174.369101615
612154.368643683
612138.201391563
612109.802561523
612078.6305571
612062.7854988
612046.437358039
612028.560696216
612005.345841223
611970.066214993
611956.066081178
611942.67867293
611926.041226881
611909.53227724
611883.424624493
611848.312433278
611834.355753201
611817.576981646
611805.942972943
611782.75406591
611762.253878585
611727.171971254
611713.540852507
611684.328006649
611685.683278011
611678.807962244
611674.111603982
611665.150448053
611646.931728711
611629.661864924
611601.28876436
611582.555403562
611558.188161436
611534.749446452
611500.767257175
611484.928138529
611457.469990457
611454.330408172
611425.731921272
611429.707227001
611420.144969171
611418.077300266
611397.210827207
611389.496193629
611360.39768888
611358.302620766
611343.171999718
611334.45926526
611313.316822139
611297.165572887
611271.143344278
611259.358588354
611231.239585909
611223.762278219
611204.682291621
611188.964952567
611170.5936929
611156.126557
611142.329638076
611126.71382573
611117.611738369
611101.055714502
611096.695107672
611079.42093638
611079.751206583
611061.99890368
611066.857191709
611048.886480115
611057.992460554
611055.770023675
611053.933916532
611053.300072948
611053.211573728
611054.044289177
611054.404106932
611058.202955372
611059.21022184
611065.465061825
611067.368366614
611075.522127778
611078.618579393
611088.094971414
611092.725667644
611102.958779457
611109.50065286
611119.962486448
611128.816224927
611139.039138346
611150.614406925
611160.207548845
611174.9082545
611183.567527618
611201.77837248
611209.288097281
611231.361996408
611237.587456499
611263.835706292
611268.709398769
611299.396577229
611302.898704735
611338.241163867
611340.375728612
611380.544099314
611381.31367159
611426.439732141
611456.366348299
611475.773417611
611513.060543632
611527.401525692
611568.312534484
611580.5712398
611627.205219657
611636.996127351
611689.553945955
611757.748079277
611800.108510998
611830.018973613
611871.954263072
611883.156957559
611931.963852049
611997.790981916
612066.898977116
612078.774646234
612135.501033631
612169.033168217
612229.349787689
612283.478409956
612332.828488732
612363.075474007
612400.336743406
612389.901083609
612418.941670036
612431.320934337
612460.217861095
612481.838547517
612492.881277246
612507.305346525
612487.914541445
612499.655149489
612499.372907648
612508.349117142
612504.342400348
612507.04917324
612501.124361795
612487.233013486
612470.811669579
612445.496637743
612409.242413844
612398.433519938
612385.141234273
612376.918460607
612360.509249049
612342.331011934
612313.743010646
612281.290113632
612263.710088484
612251.501618084
612235.742889674
612215.699137019
612186.378122718
612154.101649443
612135.407130471
612119.997275463
612099.53005232
612077.187257913
612039.137390069
612027.622157513
612007.883702228
611995.307308948
611971.994308372
611943.513812761
611908.89868149
611891.309405849
611873.268830875
611853.871056747
611830.001481915
611792.322899345
611781.350963612
611763.436609663
611754.093896386
611735.326398663
611711.19604109
611674.447299609
611661.822624526
611649.948554153
611636.612766813
611624.265241045
611603.070304661
611576.057179339
611541.164932612
611525.13555147
611513.228739223
611495.741813005
611476.718709041
611461.658772648
611448.884265714
611426.695255489
611407.182355388
611372.400477162
611357.285655057
611330.52266457
611327.15838377
611319.854796626
611306.976874918
611295.094082819
611269.574615609
611252.043584901
611219.728771906
611208.894250411
611186.707496353
611167.556948162
611141.618875173
611117.237066257
611087.387071345
611068.955103639
611036.771433911
611023.48708022
610999.504519084
610978.989628639
610956.085172607
610936.656243742
610919.120811344
610898.036783355
610885.912851054
610863.29543444
610856.527275075
610832.521724136
610830.942761341
610817.764426948
610807.232307501
610795.594677496
610786.140754543
610779.117990955
610768.696491332
610765.912893242
610754.735749273
610755.714067625
610744.07769578
610748.262919767
610736.544334683
610743.333061037
610731.9778419
610740.750804448
610736.65508199
610740.474751642
610733.832486902
610742.743687214
610737.007292541
610747.683258724
610742.560644259
610755.36577727
610750.616564804
610765.912245024
610761.346062812
610779.481385753
610774.950214867
610796.252630212
610828.35149334
610836.681898308
610849.848568437
610855.413491762
610861.700860663
610871.72262377
610877.3240547
610892.178539437
610896.876822078
610916.847361062
610920.420067919
610945.695764866
610947.911853008
610978.593921655
610979.209130807
611015.323185942
611014.077242661
611055.593957544
611082.445326909
611098.456495552
611132.505069054
611142.559929183
611180.314843182
611187.083478572
611230.519772516
611233.546451954
611282.796279426
611340.863399718
611379.784136427
611399.758070527
611438.156451099
611439.074876493
611484.29832453
611536.730689606
611572.958353498
611633.01736751
611635.43133061
611675.149093316
611712.157426652
611740.240346156
611783.375336704
611815.433278262
611841.838318748
611856.836977649
611872.249679365
611872.56850284
611880.748896413
611880.537527298
611873.438653166
611862.207278113
611833.607125484
611827.394460256
611813.033298349
611802.809464682
611785.989163793
611764.535524796
611739.02178406
611700.828040412
611690.514989711
611674.161127463
611666.913488617
611650.366500405
611629.207483251
611600.853495275
611566.365549407
611549.913422992
611532.81077638
611515.430027986
611491.296780652
611455.33540999
611441.145949266
611423.859114147
611407.279176511
611382.586032695
611347.793325037
611331.793767414
611315.963461339
611296.294303511
611274.359234901
611235.52740167
611224.569336312
611207.319343475
611191.502718116
611168.500663779
611140.076427952
611106.016906775
611088.088088403
611073.40099883
611054.937967671
611036.961960257
611010.285093335
610973.992677931
610960.556283804
610946.603933095
610937.062848612
610919.898262419
610902.58042959
610877.395188494
610840.168231411
610828.557108051
610814.747609241
610807.11911419
610789.49634521
610773.619337362
610748.835935788
610710.915264063
610698.308352379
610679.812948391
610668.976530405
610651.41714406
610624.470562704
610593.63019671
610568.942984924
610546.187636113
610523.914131884
610508.162510347
610491.891020296
610464.625811639
610444.198684216
610414.714245368
610393.633530712
610368.657587697
610344.768473657
610324.295477181
610297.906365836
610282.016153433
610253.424258119
610242.254424587
610211.744786516
610205.456285478
610187.105438725
610169.967664873
610154.003077873
610136.980003214
610126.498796698
610108.055296017
610103.182156219
610083.435403446
610084.145699022
610063.25966918
610069.363507587
610064.703112183
610058.825618306
610056.909386744
610051.397006488
610052.15797869
610046.137050085
610050.900050246
610044.647870896
610052.765524637
610046.637606202
610057.390391911
610051.810655724
610064.450238075
610059.894610621
610073.688585185
610076.762378947
610087.65356643
610086.836480781
610104.19816922
610101.188380384
610120.954855209
610117.653552513
610140.135534262
610136.393137432
610161.886473596
610173.159062282
610185.131425779
610198.39573148
610210.510238311
610227.765681031
610239.026281327
610260.639315503
610270.963457784
610297.235449429
610306.558237183
610337.721548413
610345.977308182
610382.197303098
610389.30059452
610430.68228171
610436.510498492
610483.110632342
610543.882984498
610579.409344682
610606.739569984
610640.920096827
610653.017024453
610692.966593979
610702.458332297
610748.396292878
610754.806365839
610806.927654152
610809.774114421
610868.251622398
610867.064903504
610932.053206935
610975.260716099
611054.831694594
611068.819896611
611130.557612499
611125.943727449
611188.981042409
611248.58129669
611303.213509718
611374.669301746
611376.408369311
611433.23399947
611466.423127715
611525.495115723
611576.785277791
611624.701102866
611658.712903565
611651.160501927
611687.558041679
611706.500478172
611743.444619573
611773.252103587
611793.989892218
611816.50349976
611824.564504586
611839.413532925
611844.636626564
611842.613244467
611840.132260367
611826.803362012
611816.496169002
611797.345152449
611773.572975617
611736.657881366
611725.914012206
611714.69358368
611705.020865277
611693.058783374
611672.186072916
611649.735693799
611611.889697247
611601.389345709
611584.41574428
611573.298408407
611551.698200756
611527.500420818
611491.819314203
611477.393106112
611459.41434761
611442.161048285
611417.606937053
611382.561734213
611368.923833079
611350.610590991
611335.883170083
611309.460525541
611277.750055626
611260.295353227
611249.387649508
611234.920410754
611213.312254253
611187.239850439
611151.429657813
611138.453729234
611119.128730076
611108.141106527
611087.696060372
611060.919085423
611027.179371838
611011.479979706
611000.833244686
610984.590531325
610973.152244313
610952.448492324
610920.325003512
610903.390422688
610880.713568251
610852.185755572
610826.581173692
610796.535245103
610767.582391318
610760.138204954
610750.984192644
610748.168307592
610730.235393038
610719.893474215
610698.657864471
610678.466757545
610653.524339793
610638.624930606
610620.226112644
610594.069841875
610571.931462654
610543.637142066
610521.229117385
610497.354921693
610472.534587349
610452.867592554
610425.929099958
610410.340882348
610381.575157062
610370.010769762
610339.703435792
610332.162959718
610312.408452609
610295.480408124
610276.776227391
610260.949557148
610246.690261982
610229.874167005
610220.212970042
610202.547587518
610197.54201755
610179.21316703
610178.800895435
610160.046369715
610164.031186011
610157.866389744
610153.942611099
610148.522816518
610147.222415344
610143.534200639
610142.642414632
610142.152626757
610141.965460384
610144.118932997
610144.988766198
610149.159461536
610151.484893327
610157.009860341
610161.221565523
610167.438159196
610173.982491196
610180.264348872
610189.585467458
610195.374664022
610207.897654657
610212.729487223
610228.844152234
610232.361897798
610252.409947225
610254.370258596
610278.637446404
610278.905841477
610307.619958283
610306.156929879
610339.489951189
610336.327261436
610374.401427924
610396.063440869
610410.461714041
610438.532581684
610448.579499442
610481.888144566
610490.064527798
610528.807434288
610534.964533937
610579.30784173
610583.260694924
610633.346407763
610634.865451217
610690.81732514
610727.654010064
610801.068339976
610867.991861045
610887.183252849
610936.845150355
610932.526371641
610982.358180242
611033.01408728
611074.043224435
611134.099851452
611181.865994497
611181.035915053
611222.167904587
611242.54242293
611282.984279961
611317.187843298
611337.632415081
611364.879154347
611350.811772755
611371.191677913
611377.612574596
611396.529011373
611408.205980308
611411.910417213
611415.320310268
611406.586862841
611401.868830914
611389.137614589
611368.925007683
611347.306903578
611309.685497679
611301.446651068
611285.441277162
611280.118380112
611265.246390803
611245.122839166
611219.551111432
611184.87561268
611172.243913244
611156.367418375
611144.438570566
611122.777845547
611099.235236673
611063.271001777
611050.969971383
611032.110211607
611018.611233123
610992.783310222
610961.047966356
610946.853382357
610933.337609962
610917.751730071
610897.769863051
610868.133657621
610837.499534102
610819.122883323
610803.203458998
610784.637829833
610760.593531959
610726.544845572
610712.79429777
610700.25271672
610685.281823075
610669.96521194
610645.623563698
610610.767159021
610598.760818741
610585.510628194
610576.351441053
610558.638315769
610540.87543655
610514.735295077
610483.475373335
610463.279480793
610426.310546361
610418.279252135
610411.687346288
610401.545024664
610396.916497509
610382.231966262
610360.389667721
610324.890169813
610310.2748235
610301.1062606
610292.265182947
610276.425507526
610251.453455826
610219.196920798
610202.004654567
610179.662112618
610173.268888324
610167.191675136
610150.229598356
610135.234100851
610116.820889164
610098.48396561
610085.27359159
610063.722674508
610055.527536191
610045.581665276
610025.924611484
610009.775065836
609988.315073011
609970.93258705
609954.660815574
609943.919851505
609921.499689192
609906.675474205
609879.373686863
609870.841527972
609842.499929808
609839.395026587
609824.204991756
609810.755971042
609798.161331865
609785.817080625
609778.287586118
609765.633909519
609762.832011308
609750.016801864
609751.472812226
609738.667651528
609743.802341528
609731.209700087
609739.366220573
609727.224685637
609737.70734087
609734.870045752
609738.299162035
609733.732449533
609741.108159961
609737.546923257
609746.077153532
609743.135648563
609753.066757376
609750.427081166
609762.061229331
609759.476421842
609773.164578414
609770.455231106
609786.587885453
609783.634146746
609802.627652296
609799.354301385
609821.634781087
609817.993353093
609843.979889663
609856.102047371
609868.467540018
609883.493783753
609895.814960882
609915.79218891
609927.088437972
609952.447575562
609962.427802283
609993.500110739
610001.859532744
610038.870873027
610094.199483173
610150.793426849
610161.810644281
610204.623619514
610225.829763272
610235.905171985
610265.966992602
610313.011619473
610360.104518121
610364.837993291
610400.773141931
610416.770145842
610420.446288275
610445.71188356
610481.823617916
610517.131217699
610511.736500069
610540.879064498
610554.20096611
610582.582080005
610604.908053219
610612.542510468
610625.466054795
610608.801517653
610614.690207181
610613.4005316
610612.479531918
610609.915343481
610595.598038507
610584.752402198
610559.079921508
610546.171185152
610527.392895829
610510.591445704
610486.51289534
610450.826397954
610440.078558125
610426.128849095
610418.419866033
610400.535115223
610383.572204288
610357.321378938
610323.392471727
610309.049480456
610294.68171071
610281.464344426
610261.480423232
610237.136923058
610201.858109347
610189.20802088
610172.114508329
610158.865420714
610135.573878221
610109.799334968
610075.278640863
610060.135816647
610041.143854835
610024.521256246
609998.238006058
609965.49461581
609950.405764418
609935.897614062
609920.411609818
609899.701579225
609872.729736569
609838.975395185
609824.25337301
609807.279754551
609793.525138866
609770.136531693
609746.195121763
609711.462050258
609697.669027728
609681.792000255
609668.898594511
609650.229146138
609625.218305273
609591.57299115
609577.418372284
609567.791643394
609552.821421872
609542.24415363
609523.161223965
609495.287523358
609467.629618358
609443.607006862
609407.69101556
609397.828531956
609387.579754894
609374.989336637
609364.891613411
609345.11282395
609317.396527051
609284.701378895
609263.82949261
609242.875089381
609231.740106583
609226.372263129
609214.15356288
609186.300833853
609172.970137904
609150.777862115
609127.350809262
609107.947844044
609088.917517302
609058.771315396
609038.337630361
609007.036177881
608987.344442222
608961.911982406
608941.821303592
608908.790142955
608893.4364944
608869.386774187
608864.699630541
608842.646115958
608843.668995505
608833.185212058
608824.057764016
608815.767772131
608806.798031581
608803.538840366
608793.148193803
608794.5285255
608782.975018889
608788.521374541
608776.130671195
608785.309685063
608772.469297238
608784.716174382
608785.479478386
608788.051946769
608788.638192881
608793.742973509
608794.318495043
608800.222031214
608802.490180848
608809.532624839
608813.2176727
608821.752416267
608826.615950516
608837.001629639
608842.840699621
608855.431151914
608862.070765832
608877.204804581
608884.489906237
608902.485196452
608910.27185188
608931.419701453
608939.563744091
608964.124619229
608972.469529185
609000.671832214
609009.039829431
609041.082898934
609049.26754589
609085.325639614
609093.086566137
609133.315267662
609140.376564801
609184.92060481
609213.855535814
609238.071989696
609272.125148133
609293.097805077
609332.157233073
609350.817529957
609395.193908068
609411.032873994
609461.01154286
609532.274418088
609549.240429909
609609.373016859
609610.492884978
609669.960640827
609709.564213489
609785.298162137
609854.400023875
609871.237428686
609925.142387307
609916.631320345
609972.124109055
610007.065300693
610072.205132579
610131.111050353
610136.248979347
610186.748266327
610216.047855465
610268.623855319
610315.629736044
610358.414565866
610385.334570422
610380.214435562
610408.435735888
610430.666503859
610453.103755931
610480.604200983
610490.369802542
610510.221445071
610495.26632965
610508.673939479
610513.364246917
610521.532377394
610526.754961288
610522.827275142
610519.162065845
610503.275297956
610490.299019923
610467.530276421
610431.500138375
610421.121673748
610408.041334462
610398.868378768
610382.512990845
610362.285618625
610334.082041094
610301.88391252
610285.097278879
610270.418676046
610253.274990806
610232.248931696
610203.126381226
610171.29873541
610153.580741465
610136.990775868
610118.878552499
610094.55840013
610060.427281154
610046.528139877
610032.581366877
610017.243691923
609998.799017201
609970.582031891
609939.302905741
609921.649237686
609909.394014883
609893.585796345
609873.285901433
609845.523340097
609812.35282324
609797.67690611
609781.940838558
609769.124581334
609747.112955119
609724.843102025
609690.012135682
609676.9027864
609662.906111299
609649.346633706
609633.65133599
609606.662783505
609582.313658671
609550.86272209
609532.282634896
609519.045719639
609497.683799201
609479.755421532
609459.741436512
609445.401054246
609423.238998058
609386.807133424
609375.293348687
609357.050002449
609340.393730862
609328.504599755
609321.695245904
609308.265462349
609286.759894833
609255.674159549
609234.992038392
609214.971750685
609197.067555048
609185.279650464
609176.3602424
609153.614386616
609139.650192233
609115.451728882
609100.393618968
609081.643584119
609070.796619389
609052.874342826
609025.63171805
609005.332757256
608971.71866761
608957.904385147
608933.359770022
608911.786134849
608881.155029658
608862.81260843
608844.793931779
608835.135808754
608821.018708136
608815.937138849
608801.754812581
608800.690328286
608786.798758903
608789.112976773
608775.868338272
608780.878635316
608768.627611978
608775.647224982
608772.166046109
608775.351849361
608769.058078661
608777.797909488
608770.236697456
608780.648092859
608773.629001861
608785.82868523
608779.150064905
608793.276264878
608786.807169576
608803.029545997
608806.177512443
608814.440594897
608816.988223358
608827.882038945
608833.448585392
608844.018156088
608853.053954165
608863.144865772
608876.085228265
608885.55477505
608902.803655045
608911.509732802
608933.425646822
608941.215146223
608968.10113449
608974.799344345
609006.897752391
609012.299631141
609049.792308607
609053.656808375
609096.670484718
609098.718125431
609147.334861006
609180.498540063
609200.746187189
609242.422548544
609306.532626088
609369.084196147
609386.290613051
609432.205522011
609426.450440719
609473.862375339
609504.645737113
609562.989061716
609615.16401267
609621.393570775
609660.908802568
609644.214826413
609688.999828356
609714.055882952
609761.556599857
609802.67362352
609828.383093141
609828.269192801
609853.240338671
609877.69800867
609896.367239947
609924.369939737
609941.674892917
609953.082596121
609957.128675703
609957.382602997
609949.932184344
609942.395638512
609923.161951622
609907.929581234
609883.74083513
609847.044293916
609837.302700262
609823.274229824
609816.058171357
609801.45629224
609782.385195174
609757.399766979
609722.801913698
609711.352413663
609696.936757193
609686.817436553
609667.632314799
609646.327464204
609609.707048197
609599.799157165
609582.839234124
609571.795596792
609549.285618489
609525.032143115
609490.574449671
609476.180962003
609457.59338885
609440.773617016
609414.956479027
609382.389011789
609367.778458118
609351.832712936
609336.807453514
609313.491863981
609287.12099443
609252.819456984
609238.924487591
609219.326906976
609206.694772428
609184.301795644
609148.886737543
609139.055467803
609126.020095247
609118.669800973
609102.045259693
609085.796733743
609060.951670165
609026.522994585
609014.746471844
609001.146626402
608992.765714952
608974.26258713
608957.507800419
608931.93928598
608896.588731906
608883.979983163
608867.016595784
608856.562070655
608838.512047138
608812.628911267
608779.728996149
608761.82475249
608740.326290745
608732.744922337
608729.240206457
608711.782558051
608699.740274971
608681.230985214
608665.807032308
608652.727357263
608633.741472074
608625.724305797
608603.505356054
608600.261240599
608575.151617472
608576.473960866
608564.837987444
608552.489474458
608543.233105924
608529.510837798
608524.959854443
608509.167565738
608509.480086243
608491.825848559
608497.134478104
608477.858031827
608488.2374668
608487.129988642
608482.96583305
608485.518984282
608480.547534539
608486.410800375
608480.527730376
608491.421055771
608484.867288626
608500.506481287
608493.580267731
608513.537158251
608520.268186079
608529.320202651
608537.473755311
608548.319041657
608559.569873752
608571.035279998
608584.809364092
608597.216829733
608612.901471334
608626.613116601
608643.589333263
608658.997325943
608676.673044074
608694.186313533
608712.024069432
608732.052522793
608749.592894038
608772.534135795
608789.412477592
608815.639151308
608831.592665297
608861.44147984
608876.305740571
608910.068955402
608923.76598584
608961.688257499
608974.208196531
609016.487609209
609027.863934788
609074.656369411
609084.936969995
609136.363455529
609171.40238263
609199.859921831
609241.187973068
609265.861330737
609312.375681473
609335.433286718
609387.370305452
609408.489337969
609466.059846855
609484.874147986
609548.264141739
609564.372516599
609633.74684186
609646.724979854
609722.232783658
609809.104014094
609874.656202376
609911.782493574
609977.082242721
609989.435249178
610061.773593577
610144.735046073
610208.267149578
610305.337078951
610323.404320858
610392.919352366
610460.484244984
610515.908568723
610595.560135638
610660.317893391
610723.963512691
610767.016905444
610819.018637141
610859.987131457
610888.824379971
610923.198021114
610938.222323266
610964.083673049
610980.785113443
610991.179256776
610996.098078536
610996.554060394
610990.291440219
610984.033143077
610967.253136006
610954.125190636
610932.520361136
610896.032745657
610888.965431628
610877.091265493
610873.595420031
610859.770000819
610846.882886168
610824.430129994
610790.083830853
610778.668432531
610766.993672327
610755.206211633
610738.89396965
610714.132984723
610682.046153432
610667.046417515
610652.49791226
610634.464737044
610612.827560843
610577.617561511
610566.246839698
610547.013064963
610533.928458478
610509.911671014
610476.938025013
610463.004912991
610447.376033994
610433.291450973
610410.045460062
610385.187261301
610352.523765331
610337.117752012
610321.271497702
610306.024390344
610286.704383399
610259.289515916
610228.332638224
610212.210211175
610204.484681232
610195.032049616
610179.150847263
610161.338182692
610133.879141355
610103.447538752
610092.696619782
610079.790599961
610071.892603462
610054.30431708
610033.911231987
610018.875155469
610004.042341217
609981.745604521
609959.748194393
609928.161889374
609911.680411871
609886.303302761
609881.185615941
609871.438609578
609855.708206734
609840.004862094
609815.117524866
609792.992122536
609763.208609481
609746.535048823
609714.135914716
609701.498005614
609677.241765917
609656.502151383
609632.362811153
609612.733769641
609592.729397466
609571.67343747
609556.04569288
609533.727464251
609522.738875207
609499.291156063
609493.180252135
609468.71849933
609467.658383921
609456.723377374
609446.319919642
609437.520183769
609428.17155978
609422.820836975
609412.538468785
609412.371956898
609401.228872645
609405.945679222
609394.107035774
609403.234165987
609390.964571643
609403.880594789
609403.598844409
609406.772412977
609406.733511026
609412.242161946
609414.374747663
609420.642431511
609424.285532027
609431.756726582
609436.262658381
609445.431168622
609450.199380457
609461.585909396
609466.093240193
609480.220910329
609484.042554895
609501.411856646
609504.233906078
609525.301421347
609526.923369353
609552.083464021
609552.408621083
609581.980346522
609580.997791961
609615.219973079
609634.558941677
609650.072101487
609674.30589288
609687.434223236
609716.919886613
609728.577577193
609763.473042972
609773.556684568
609813.948419887
609873.141557076
609902.777185079
609932.073262791
609944.042034747
609981.320233112
610014.645265408
610032.956410037
610073.33204124
610083.851947655
610130.361183958
610137.570410979
610190.342939479
610193.789691321
610252.946210369
610317.706421342
610367.137452462
610389.483098663
610438.861846656
610439.770907459
610496.409833782
610555.88656115
610603.953754277
610673.349379562
610677.813747805
610729.073852947
610772.294211151
610812.911275768
610864.348337834
610904.197550417
610932.5685619
610927.203580372
610956.920461934
610979.56170109
611004.325550923
611031.910996601
611044.957440895
611064.694808081
611075.978542992
611078.655217227
611082.250784862
611073.495522595
611068.23970945
611054.184771458
611035.116416295
611012.347095692
610975.553074793
610967.567326904
610954.094864722
610949.127684405
610933.356498508
610918.66758161
610894.298764392
610860.435236714
610847.06826841
610835.225111717
610821.666783369
610805.158510234
610778.923553446
610747.274407747
610731.141639876
610717.441337879
610698.781379443
610678.475808147
610643.510317318
610631.160369236
610613.723004438
610599.319472097
610576.256523528
610541.874359046
610530.274180532
610514.009456816
610502.312005614
610479.031316192
610456.480708739
610423.560824589
610408.197302346
610393.781258694
610377.31314236
610359.73676866
610333.837962831
610299.712053771
610286.845890014
610272.490668198
610263.513399482
610243.900618984
610227.26069033
610201.978970234
610166.508004357
610154.403738033
610138.101723081
610129.806143435
610115.586323154
610092.986300141
610058.950021178
610044.928712898
610036.267261533
610029.665650545
610014.886339867
609992.399145807
609966.026270771
609942.765265686
609914.030029576
609896.767658772
609872.181266937
609841.169914528
609822.646886066
609800.964046163
609785.710993641
609771.349800047
609753.553051527
609743.192873748
609723.187690806
609716.573479022
609694.698482284
609691.680503363
609668.272387561
609668.797004166
609658.49329067
609648.780096474
609639.347749259
609630.648951511
609623.26022994
609613.738331266
609610.594301231
609600.396791217
609601.680810843
609590.984669798
609596.777178148
609585.796573106
609596.048143164
609585.037897131
609599.554805134
609601.257850394
609606.248054672
609609.241736361
609616.638241653
609623.131320185
609631.27886832
609640.784194656
609649.948596052
609661.873299741
609672.371848513
609686.049016861
609698.2435802
609712.971331571
609727.258510866
609742.340034954
609759.135888129
609773.916785509
609793.641285993
609807.544447485
609830.606783692
609843.159012599
609869.943007105
609880.790659542
609911.642473145
609920.556647394
609955.776301372
609962.645709247
610002.481637052
610007.295284742
610051.944843073
610054.766930326
610104.380655385
610138.16790077
610159.664072578
610201.493339078
610216.958101079
610262.432544988
610275.851743449
610327.048408867
610338.280794624
610395.379537602
610404.236252881
610467.384483213
610511.567944605
610597.854214988
610676.534365024
610705.151548342
610763.071360559
610766.479976013
610824.137907023
610888.443668845
610937.394930834
611013.20153935
611074.832874603
611084.044967087
611135.074946935
611164.993926687
611219.285265702
611267.648027299
611312.207074799
611339.172884295
611335.499269209
611363.328809155
611385.728460318
611408.008663135
611434.714426534
611444.584579918
611462.984139978
611446.536496657
611459.955442639
611461.466860523
611472.553386212
611476.172612513
611473.373218553
611467.550741821
611453.027680361
611438.174867206
611412.004426246
611387.91174499
611354.533495937
611339.334740843
611323.981603942
611309.508762677
611289.796454483
611263.430304705
611230.570046558
611215.445558564
611201.99723781
611186.275149525
611167.575017134
611139.492438284
611108.10232646
611091.04341789
611076.291711053
611058.380643556
611036.281090039
611001.076000709
610988.975950583
610974.242636658
610959.980614554
610940.693115365
610912.75213221
610881.803633051
610863.673677945
610850.88790907
610830.821949001
610813.086950344
610777.964055244
610766.8262913
610754.669778668
610742.318363679
610728.652284369
610703.267779864
610680.310825274
610647.675125466
610631.799423197
610618.666466811
610601.818390878
610580.779257349
610566.91649163
610552.263437232
610532.193091901
610511.374117549
610476.864273404
610464.403648247
610435.10048467
610436.7338729
610427.144866975
610424.912825255
610414.870300291
610388.783960948
610378.052636347
610358.54420982
610336.124955594
610320.398465342
610303.979328957
610278.019192286
610257.702284457
610230.694925015
610209.595721826
610188.273194569
610168.882734634
610141.924582646
610108.519321134
610091.124100532
610069.151790748
610052.819567053
610033.07717914
610023.623864174
610003.187329115
609985.622302801
609961.805576004
609949.257873231
609923.949495532
609916.344338259
609889.888689595
609886.957647327
609871.86119271
609859.668762022
609845.830092779
609835.249475091
609825.438838187
609814.631654589
609808.522754056
609797.740227584
609794.94421453
609784.465584097
609784.544978803
609774.676209346
609777.163670324
609768.233140751
609772.650986399
609765.002631153
609770.883440609
609764.869364821
609771.775016663
609767.746456537
609775.28303417
609773.581108854
609781.409502568
609782.357645591
609790.200030301
609794.098350739
609801.737914171
609808.858774412
609816.134537939
609826.721669763
609833.517895117
609847.786110325
609854.01671526
609872.154841202
609877.74688914
609899.923330976
609904.798979582
609931.168064805
609935.227216336
609965.936997387
609969.04266176
610004.242507533
610006.208758372
610046.056163728
610070.354360676
610089.18674119
610119.079232006
610134.126070624
610169.459681802
610181.8729727
610223.015177823
610283.977827727
610345.894550814
610359.147828956
610406.857049561
610433.804958376
610444.120716872
610481.570990356
610530.394066436
610579.727311795
610581.51595061
610623.134531444
610644.913078108
610688.106442646
610723.832403941
610754.825036176
610773.157608817
610762.294789223
610782.413576588
610795.368565859
610809.448657531
610825.264278544
610826.442289334
610834.606770117
610816.011319122
610819.814345089
610813.979178869
610816.034697375
610812.106034846
610799.798032057
610785.48660269
610753.709347237
610743.951280941
610725.560866223
610701.801317427
610680.18183116
610648.26567686
610634.69041435
610621.789107015
610606.538322284
610589.704895378
610564.225524439
610531.610946676
610516.795727151
610502.748719036
610487.241671023
610466.844855299
610438.676368402
610407.902617568
610390.220713905
610374.567078044
610355.229550769
610332.119804187
610297.433568201
610285.63197763
610268.416807221
610256.303955258
610232.446030114
610208.913922019
610176.090176669
610161.202452134
610144.909568798
610130.114629096
610109.066771479
610073.157895498
610065.377029518
610052.057322265
610046.294007523
610029.544138485
610014.354698593
609989.934338201
609955.89097235
609944.392730901
609930.302042838
609921.598218158
609902.156327212
609884.555623295
609857.836682188
609823.458518321
609809.845194904
609792.686464105
609772.606588796
609762.577765221
609751.578287642
609733.79805717
609716.623437267
609690.282423366
609657.841567489
609641.706313726
609610.327119773
609607.739148335
609593.00042671
609582.557743921
609559.496952847
609544.912674043
609515.114837937
609507.267822585
609488.083857808
609472.557665237
609449.435049511
609428.70363537
609401.432465471
609386.869447319
609357.027117942
609348.008141421
609328.046584001
609309.949794555
609291.951786804
609273.918782763
609261.632172639
609241.571089112
609234.960459678
609213.047863946
609211.958631609
609188.42955678
609192.582934441
609183.811324188
609174.955977276
609168.966245636
609159.909090261
609158.320383559
609148.513700968
609150.871660583
609140.643054359
609146.420334438
609136.157933287
609144.781587619
609134.921590289
609145.802422228
609145.926683884
609151.40278356
609149.440264768
609159.750284219
609156.927001585
609168.900292365
609167.006047688
609180.941432409
609179.744674304
609195.937567042
609195.248660926
609213.988375402
609213.65394809
609235.221009811
609235.11265836
609259.775301324
609259.776630458
609287.789053284
609302.109022264
609318.121404167
609334.368164036
609351.180863135
609371.675995615
609387.689223996
609412.783988733
609427.658630522
609457.650796872
609471.05309667
609506.181694621
609564.074676343
609577.431965085
609621.49359729
609624.043078836
609667.127987397
609667.231579582
609716.064540912
609747.136840443
609765.383171218
609805.718537175
609815.887823976
609862.434315045
609924.475648062
609988.149103387
610050.05148417
610086.591780478
610096.57142789
610128.77827331
610122.570834847
610162.433788073
610202.734306914
610234.433176897
610241.506423512
610274.622123717
610264.716061631
610306.628720563
610344.437096303
610379.270912538
610424.515906671
610445.51611098
610449.488094913
610473.12528555
610501.639544687
610530.58405127
610549.117415013
610570.088536035
610574.343023386
610586.556493506
610588.138065716
610583.068679139
610573.192651711
610556.29679046
610536.154057451
610510.611296264
610476.844829761
610465.630291283
610450.9580592
610442.495409685
610423.286621523
610405.318685336
610369.799915921
610361.469597176
610348.725137382
610341.37767647
610326.312910535
610306.968773829
610280.436798773
610248.986695145
610233.813252296
610219.201185843
610203.11306876
610181.871869629
610147.40573936
610137.174228224
610122.311270287
610111.196124049
610090.312245916
610067.025415619
610032.549921092
610020.801810664
610004.738073528
609989.446788749
609966.298942909
609932.917387913
609922.298115865
609908.413683425
609898.993312169
609879.45698871
609860.15577123
609826.15501971
609815.230756472
609803.286917644
609791.763111097
609778.65398961
609754.13426012
609732.47381487
609700.93485304
609685.909340898
609674.692323473
609658.231587404
609644.992473123
609622.608084536
609588.265453522
609577.343281176
609561.046888063
609553.751763277
609540.154239063
609518.282018376
609485.51926887
609458.225749969
609453.598004347
609447.320287185
609449.444705557
609444.74916266
609431.29436782
609409.236643804
609384.722145926
609360.721642562
609334.846805317
609316.126819168
609293.253303575
609260.035763012
609245.132783329
609221.770783835
609211.371795709
609196.151757328
609183.631080108
609173.299376434
609158.883872399
609153.342041191
609137.286050207
609136.403288548
609118.990664929
609122.596193911
609104.139733085
609112.017766648
609108.775369819
609105.310007822
609103.76710243
609101.311691345
609101.685086298
609099.032682671
609103.031066581
609100.414984418
609107.760822572
609105.450283206
609115.803846757
609114.101685477
609127.071165429
609126.310692217
609141.466284258
609142.003731783
609158.893950404
609161.099146741
609179.268777641
609183.514232324
609202.521503338
609209.568282475
609229.357910588
609231.629760856
609259.618044225
609276.068021694
609293.978129119
609310.975832286
609330.656626622
609349.004565704
609368.160044614
609390.180435588
609408.53610586
609434.529153991
609451.839727327
609482.079874377
609498.12703041
609532.860532012
609547.44733008
609586.890927419
609599.83313612
609644.175784813
609655.294481531
609704.702405474
609770.909649533
609809.235098537
609841.002000965
609878.086410198
609893.930006438
609936.996401151
610002.840068596
610068.20755792
610085.969020971
610135.509778663
610129.94540008
610181.600269319
610214.121970392
610277.401316684
610333.232468952
610342.100681545
610387.002475891
610411.629412904
610461.86342837
610504.742480435
610544.840858772
610566.204804053
610564.021707868
610584.977808071
610568.44130834
610599.203475773
610622.13046964
610646.751543581
610674.555881349
610686.042493784
610679.111493945
610693.705488426
610706.657724028
610715.558828978
610728.517519362
610732.801618733
610728.571254422
610722.865024367
610706.011190197
610689.352330364
610663.501852275
610630.579899024
610616.646878724
610603.500909575
610591.235037045
610572.916854341
610550.332849139
610514.948116051
610504.976829344
610490.152408018
610480.842512533
610461.635173097
610440.950979078
610404.386061818
610395.288344387
610379.499710187
610369.923353362
610349.806564196
610327.872777044
610292.408920449
610281.245601261
610265.602074387
610253.223397359
610232.97797239
610207.727317317
610174.928696145
610160.09423742
610146.222147239
610130.014562899
610111.541945632
610082.422217694
610053.036471599
610034.320165861
610024.070631974
610009.740136692
609988.891765094
609963.989934388
609928.954790087
609917.750709166
609899.686163911
609890.810108226
609873.61850522
609847.132884051
609821.407383788
609798.654157648
609757.35213185
609738.977140838
609732.587821916
609738.293550341
609738.535087556
609742.549927377
609737.824176172
609711.824234502
609707.135608125
609691.262961409
609669.688818504
609653.269596444
609628.928095531
609603.113848872
609573.666818768
609565.7040175
609554.685355488
609538.596076672
609530.564925393
609515.996433278
609499.62363709
609469.560089723
609457.666328564
609439.488980929
609415.742954086
609396.834571204
609377.927348474
609349.367240757
609334.551541152
609313.430961032
609292.611704323
609274.467406891
609253.415150383
609240.707857439
609218.441026204
609210.800259767
609187.632254764
609184.590545226
609160.849022587
609161.864922233
609151.959492098
609143.351899682
609134.079104162
609127.494450828
609119.14191761
609112.778495258
609106.887384623
609100.937427663
609097.109255702
609091.795449945
609089.661963422
609085.239905168
609084.472601112
609081.23079508
609081.547432808
609079.804418169
609080.970203344
609081.067538723
609082.891196934
609085.184691645
609087.511713124
609092.362663981
609095.065319582
609102.830016018
609105.794079001
609116.814109995
609119.92529749
609134.519218097
609137.649094208
609156.105826534
609159.099680893
609181.67501765
609184.34243409
609211.258828306
609213.367614293
609244.815809017
609246.088659336
609282.231739728
609303.623877406
609321.257960606
609347.472218606
609362.257478831
609393.829117193
609406.100616885
609443.301691809
609501.281932279
609512.645176942
609559.069869417
609557.027121359
609603.695422682
609597.595201329
609650.752952244
609685.617720475
609698.347408435
609745.991192962
609745.931481782
609798.917893388
609855.247902279
609899.399996945
609965.247929213
610016.598024493
610019.1766378
610062.465571805
610087.121288652
610132.028049838
610171.075637147
610203.827471319
610224.078552404
610213.321878567
610235.684908267
610244.361360211
610268.557497756
610286.999512761
610298.935224714
610304.079406166
610283.711131606
610292.2576211
610289.691232957
610295.42443404
610295.291671912
610287.749536062
610278.653147825
610259.767317799
610240.83944987
610213.253620786
610180.420340145
610164.907214941
610151.678369925
610137.803460088
610119.292917866
610094.548755026
610060.539393163
610047.491652154
610032.752976769
610018.974987237
609998.777991246
609972.095221313
609939.880025033
609923.287181159
609907.417487937
609888.614532365
609865.715704742
609830.42144883
609818.586844289
609800.489389114
609787.903743029
609765.088251151
609730.910269726
609718.279217724
609705.478338131
609693.111426545
609675.019512637
609651.935987948
609616.112459278
609606.066401073
609589.943840628
609581.787825182
609564.529420518
609542.37623943
609514.689623279
609480.906715349
609467.710751602
609451.023587295
609441.25277582
609423.004304652
609399.094469063
609364.875728307
609351.969715072
609342.768098155
609328.290594113
609318.855647037
609295.437586739
609281.055192396
609262.387065761
609240.788698972
609215.575299809
609183.554803037
609166.409447315
609138.790876186
609133.781640987
609104.894264906
609105.714439208
609093.144213426
609076.905357341
609067.942755525
609048.426611574
609044.046561364
609021.748051188
609021.687250046
609009.563005394
608998.861624924
608987.793747181
608976.573115551
608969.950121491
608956.308429367
608954.336455109
608938.386254905
608941.269829057
608923.189079437
608931.093091294
608926.554138225
608922.010356505
608920.354295656
608915.281605781
608918.996212132
608912.567214901
608921.598849474
608914.155961355
608928.27887596
608920.241661897
608939.060976748
608946.778488251
608954.701255343
608964.197955042
608973.957075173
608984.963386647
608995.558743911
609009.354608453
609021.178450923
609037.078861614
609050.528901167
609067.83478916
609083.300670399
609101.337288939
609119.187766999
609137.341476593
609157.914987692
609175.663792893
609199.261706205
609216.196803537
609243.079626017
609258.915652493
609289.302406881
609303.875974794
609337.947077234
609351.204868068
609389.109536387
609401.087678211
609442.952555105
609453.745446763
609499.683420492
609509.40950324
609559.531935888
609593.204787757
609621.029412122
609660.420830545
609684.941980835
609729.185217584
609805.734230974
609830.279352892
609886.378331691
609901.173496714
609953.373164626
609966.078401428
610024.380572948
610099.205035701
610147.651611407
610182.435644496
610230.810666664
610246.174554742
610301.814706164
610376.330317952
610453.795981167
610532.251711222
610581.435996249
610598.718186344
610643.5771661
610695.22883511
610732.759782855
610792.523717492
610838.075420858
610838.583013267
610877.633861455
610898.13298149
610938.308570725
610971.025561833
610999.590882972
611017.347890124
611003.27927578
611024.366626351
611031.089952508
611049.614312495
611053.157523876
611065.43553806
611067.030480202
611062.260631996
611051.6964318
611035.17311007
611013.719895666
610988.51484028
610953.597639104
610942.610826632
610925.97687642
610917.420850378
610899.335848781
610876.585391893
610841.534181891
610830.915367197
610817.953843086
610806.97567392
610790.39147041
610767.254492011
610733.668345008
610721.681537674
610708.124201191
610695.42422764
610676.293664478
610651.387131836
610618.26128801
610604.726647664
610587.786321523
610573.862573656
610549.22481278
610518.199324528
610503.345908094
610493.804798454
610481.437402598
610463.031311982
610438.809879557
610404.809510743
610393.500335183
610377.37801604
610367.656207919
610348.826505851
610324.923336135
610291.036048744
610278.54365788
610267.287100444
610253.727769479
610240.859282418
610219.215474978
610183.934592528
610175.446389837
610161.716059308
610156.342259363
610137.587332304
610123.560305218
610099.741056519
610067.159652088
610053.635252508
610039.182552874
610024.076958749
610002.220801419
609987.935430919
609971.810278504
609948.586935243
609925.354866966
609895.748519086
609877.026794771
609854.61262705
609846.486888598
609837.711339633
609818.87967664
609803.475488437
609783.092402937
609765.863879286
609750.570694312
609730.82800424
609720.410302711
609698.451997216
609692.720680814
609668.852658101
609667.639411213
609654.423546071
609643.537348897
609631.569171537
609621.38344385
609613.888184688
609602.4642866
609599.435248675
609586.948335171
609588.321158475
609574.986497778
609580.624105435
609566.701723604
609576.387899821
609575.53729613
609576.429395337
609576.297848994
609579.447622896
609580.856732861
609584.25875696
609588.83572651
609592.766228306
609600.122052876
609604.908613821
609614.592413657
609620.606013561
609632.12175267
609639.763564983
609652.592110918
609662.280910493
609675.904838955
609688.0615916
609701.987689163
609717.020275268
609730.799905625
609749.089470739
609762.334106766
609784.223219202
609796.61356633
609822.397939783
609833.687126877
609863.612298851
609873.62234808
609907.883966473
609916.495737751
609955.244905176
609962.384071698
610005.736191771
610011.353457836
610059.398064248
610090.717233667
610114.196271692
610152.169770694
610170.852951423
610214.04725047
610230.532841491
610279.197751052
610293.184648144
610347.554508421
610358.72613212
610419.020305121
610427.049440989
610493.472431132
610568.143452733
610624.636520507
610654.643896501
610710.959995647
610718.901330748
610782.370707259
610854.082582835
610908.862682937
610992.731693145
611006.011714346
611065.85740989
611123.232943572
611170.162017461
611237.657892865
611292.606912858
611343.109463868
611378.105833588
611417.124592243
611435.818169101
611466.903298908
611486.848686046
611503.01314597
611509.41184676
611492.254917771
611503.424706009
611503.509528657
611512.522604623
611514.639846308
611510.660567901
611504.341268012
611489.260765898
611474.92344131
611452.097350248
611418.289928241
611408.298274399
611397.274374142
611389.560737067
611374.811279749
611356.697753143
611329.675160795
611299.899631042
611283.707148285
611271.430478386
611254.037073359
611234.904636339
611199.50400149
611190.431403108
611174.711403003
611163.095054485
611141.712214067
611109.03441645
611098.399206887
611085.101591016
611073.319065883
611053.407135707
611029.523793629
610996.118210168
610984.121160218
610965.750028594
610954.241303887
610932.685040964
610898.797832995
610889.354127065
610876.701523855
610869.309863634
610852.284954086
610835.775955165
610810.556443334
610777.950143845
610765.939769125
610752.951707093
610744.569995375
610726.458645573
610706.167550265
610691.838508592
610677.219304886
610657.434900222
610636.413100569
610603.470078865
610591.680340724
610562.952430207
610565.622756635
610556.796420499
610554.434248322
610544.095434748
610517.888113199
610507.060018727
610487.373070605
610465.168195096
610448.615579596
610430.672853805
610403.010762089
610377.081587485
610352.832363829
610344.317695791
610333.325601736
610330.700700631
610314.622365268
610303.066847272
610282.522731355
610274.702347429
610251.920272811
610248.703602545
610240.75867848
610225.89142948
610210.766167478
610194.116204295
610177.46316552
610166.13368555
610148.001155521
610142.147178316
610122.763196558
610122.393249969
610102.033029892
610106.991497045
610099.726963664
610094.314263791
610089.346210056
610085.150612207
610084.737005833
610080.436462109
610084.051356475
610079.936585501
610086.932988799
610083.342772683
610092.991039229
610090.304011099
610101.835732005
610100.458181597
610113.113090933
610113.465332942
610126.53630658
610129.038062368
610141.911005635
610146.967054987
610159.149958608
610167.135549947
610178.275576497
610189.526142723
610199.415130526
610214.219568689
610222.78554233
610241.382915158
610248.668965166
610271.249471199
610277.383168242
610304.094273427
610309.251225581
610340.207456145
610344.569798549
610379.863222047
610383.578107067
610423.292015979
610447.789094826
610468.99600156
610498.244532138
610517.567987751
610551.818975345
610569.871804693
610609.418687434
610625.735157719
610670.863084593
610684.905293068
610735.887369601
610747.070101214
610804.160889651
610811.878039389
610875.31020345
610878.96497611
610948.948670535
610998.900515737
611085.100726305
611105.439918976
611172.835999506
611172.421552381
611240.736466592
611306.370190639
611366.418075601
611444.387644162
611449.918679692
611512.539232553
611552.367239013
611617.403918132
611676.189564333
611730.056226536
611769.786020577
611811.757761733
611837.73773084
611870.280555264
611894.309207581
611908.928593675
611925.499913331
611928.007789868
611916.470812743
611924.036544269
611929.862606598
611934.002753396
611939.866917913
611933.306799988
611931.738858177
611922.197298303
611905.446298691
611887.273526791
611850.493389237
611845.337492215
611832.407682291
611829.28927794
611816.397454751
611799.667224151
611774.149317822
611743.584730696
611729.303931389
611717.273159442
611701.519964451
611683.297483074
611647.468689223
611639.75224579
611623.128169184
611613.676204733
611593.182059722
611566.850047868
611535.839668335
611519.164128485
611502.768252253
611482.67474804
611458.809330028
611425.184471845
611413.535453182
611398.262964986
611382.639270999
611361.001668907
611326.453208174
611318.445334856
611304.23936089
611298.755830586
611284.421843657
611264.493935696
611240.363984803
611205.957926258
611196.890293885
611181.192606568
611176.051411371
611161.918164635
611131.672787936
611122.056087134
611105.242090278
611084.381524485
611064.610123855
611033.792329738
611005.480475523
611002.625464011
610998.615530559
610994.109596489
610993.171824476
610985.876460306
610967.522343499
610952.966679824
610925.37062054
610916.947227096
610897.601712822
610881.772516903
610859.593275019
610837.177489167
610811.57493144
610793.960137416
610766.02956588
610752.678167094
610722.855387424
610713.688649603
610692.875366853
610675.677568831
610655.497254556
610639.743228966
610624.112684957
610607.270650379
610596.381581219
610578.563796821
610572.543717444
610553.865859931
610552.746113498
610533.341015869
610537.035230796
610528.826959795
610523.812329434
610517.011762608
610513.714372083
610511.279210957
610507.59695844
610509.15976098
610505.279839459
610510.346613183
610506.543882045
610514.518753625
610511.152173002
610521.369956374
610518.871721662
610530.636681172
610529.495380383
610542.120907463
610542.858404497
610555.704457501
610558.851615124
610571.358936824
610577.43110082
610589.14566291
610598.618355602
610609.205427115
610622.49459598
610631.742022163
610649.190047806
610657.001140162
610678.870196034
610685.24578057
610711.717132572
610716.728546426
610747.909355517
610751.666492394
610787.603399406
610790.219574825
610830.916364592
610855.984417592
610876.059415987
610906.584357479
610923.693566877
610959.268986985
610974.789414012
611015.583765155
611029.162839784
611075.348944462
611086.571951074
611138.331000923
611146.734833243
611204.259739127
611272.566481332
611319.774714304
611348.002670987
611394.743582117
611403.069281786
611456.726226729
611521.065046849
611589.218429611
611654.398664275
611698.828729528
611704.33149407
611746.961879343
611786.098333633
611821.692172529
611868.03346563
611903.097060266
611926.57165145
611921.307591442
611946.129637959
611966.32485329
611986.122612154
612010.086366444
612017.97862502
612034.29175344
612040.554951977
612040.749611965
612036.019531902
612025.447675094
612010.74420673
611992.465751263
611966.573900797
611935.630459955
611921.573740331
611914.18213452
611905.114429272
611890.826318653
611871.115521345
611845.383140708
611814.075267029
611799.334460049
611786.820891687
611771.067271909
611752.77432402
611724.099724733
611695.329821911
611677.111480661
611662.788376348
611642.943634074
611619.662551174
611586.893459616
611573.003571053
611556.74064075
611539.931318228
611516.731167518
611483.554890667
611471.764501331
611455.177902743
611443.20034908
611419.142423707
611396.08167248
611364.734674555
611349.305558992
611334.644920761
611318.727092821
611299.708936603
611266.357835651
611254.094824711
611235.354244119
611213.316092786
611179.613611502
611169.202958956
611155.850575062
611149.023476563
611130.910730735
611115.848790612
611091.73064032
611057.382741546
611046.175490197
611030.530349892
611021.966810196
610998.848369895
610988.552613069
610970.674797983
610955.967733338
610933.344836106
610901.329865545
610887.445698774
610858.207007011
610856.648145936
610842.980741661
610835.041198835
610818.695460638
610793.443607949
610773.640405801
610740.81333214
610727.775929282
610703.443899168
610680.024818507
610651.634032528
610632.051960672
610612.476057014
610601.944175573
610583.305809023
610577.696603109
610557.117376992
610556.506150168
610534.12082923
610538.536788975
610530.249600646
610521.877932055
610516.461248601
610507.514616794
610507.19155191
610496.813098434
610501.463483222
610489.855276523
610499.223567934
610486.677091072
610500.377655201
610502.920887896
610505.57069411
610509.475512296
610513.524277564
610518.720975017
610523.042441224
610530.949434569
610535.96057413
610546.014773324
610552.175191364
610563.79749658
610571.589568257
610584.21324213
610594.121088936
610607.219368509
610619.708312752
610632.817214296
610648.315238728
610661.050907892
610679.933969279
610692.001116525
610714.581503117
610725.773428188
610752.296246559
610762.488920906
610793.133310203
610802.269330056
610837.15516329
610845.224672762
610884.425929807
610891.441499907
610934.999608992
610940.968773801
610988.911111253
611020.06432105
611044.375775504
611081.680466778
611101.960864116
611144.103997686
611162.597891304
611209.838881792
611226.16302362
611278.768752356
611292.507574768
611350.746562944
611425.15387441
611472.994990498
611507.364189683
611554.709507062
611569.449842241
611623.696259839
611695.321905481
611770.75592031
611786.785702584
611849.569626544
611888.458492095
611955.619141435
612016.75737441
612073.573667541
612110.794257453
612155.972269307
612149.894580158
612186.475474476
612206.920422624
612244.359067317
612277.457739673
612296.653437566
612321.649445459
612307.285878896
612327.410920315
612334.161609251
612352.461655349
612356.42479296
612368.874189056
612372.199727167
612367.933687411
612359.609923817
612343.685695616
612323.459201378
612298.683930276
612265.036979322
612254.144000234
612238.599693439
612229.501872507
612210.820249185
612188.130020943
612153.699772602
612143.167627561
612128.474187823
612116.96060369
612096.885725975
612072.648415305
612040.216441302
612026.734446855
612010.185587408
611995.505373019
611971.049815883
611940.563232921
611925.995622909
611914.635324192
611897.858262142
611881.156269282
611854.055973319
611823.677660608
611807.313617646
611792.609548803
611776.906081608
611754.252777903
611722.205207001
611710.001435282
611701.045469707
611687.810536638
611677.045854984
611656.694098079
611621.75091652
611614.555784653
611602.087565532
611597.686360711
611581.317925256
611568.075201497
611545.44431193
611510.784160215
611501.017410098
611486.3034494
611468.330261716
611462.513708241
611455.635116822
611442.524390232
611430.446924861
611409.170647942
611375.193989016
611364.484544723
611347.629689392
611339.310963871
611322.959936557
611299.321668422
611266.095907987
611251.977997952
611232.921416435
611216.174687446
611200.789144394
611190.919817534
611168.842832909
611154.817301757
611126.503924987
611118.821939531
611099.958504266
611083.118695869
611065.670727398
611048.912480733
611036.583494136
611017.799900384
611010.561535045
610989.953164223
610987.731009525
610965.522716277
610968.184184185
610960.366686592
610952.06793396
610946.250168499
610938.382542275
610935.248075845
610926.410393133
610927.633553667
610918.044561227
610923.320719543
610913.260418755
610922.199815872
610912.007388041
610924.150650689
610923.572309456
610928.481177598
610927.185111923
610935.59053341
610936.512996835
610945.881223078
610948.641766474
610959.302294706
610963.51219024
610975.821821944
610981.095153898
610995.428582858
611001.394759543
611018.134213186
611024.447175463
611043.969118777
611050.313256948
611072.97762497
611079.073005634
611105.21368157
611110.815501685
611140.731879171
611145.627505964
611179.580351042
611183.583618517
611221.794346718
611245.161600585
611265.537032569
611293.181668122
611311.3827748
611344.016247974
611404.117115636
611420.331211808
611462.780826606
611469.938625453
611510.498405862
611515.159603784
611561.585744155
611618.086953448
611654.197330803
611677.360022313
611712.865051788
611720.283574798
611762.376689234
611817.959487548
611850.585077248
611873.786980203
611906.62239707
611913.900691986
611954.236421407
612007.742246245
612062.339978328
612115.310955557
612146.748563403
612150.720317691
612180.415041623
612210.524108657
612232.82385627
612267.023540591
612290.926016069
612310.802933046
612317.331879712
612324.467729773
612317.575226706
612315.457990186
612303.98179167
612285.569295334
612263.709959682
612228.676637414
612220.006600063
612209.920400737
612201.406933089
612191.136493559
612170.880572358
612151.97706658
612118.609617857
612108.919862593
612097.322194572
612088.067237744
612073.901070941
612052.247777456
612020.244088394
612009.321897353
611999.243524663
611987.002637
611972.449537567
611947.137083959
611917.712600999
611902.826789696
611890.552991882
611874.0700388
611854.374085671
611820.574755538
611810.638541606
611796.4927178
611784.257659974
611764.913911304
611739.155228416
611709.113119564
611693.594928207
611680.734994566
611663.959102839
611645.693120485
611609.256362485
611603.955021859
611592.585874999
611585.04489019
611570.916046881
611552.440252844
611529.071091932
611495.475749252
611486.374244672
611472.124274727
611466.120222496
611451.322219417
611431.073027693
611406.3929115
611373.204716502
611348.791731524
611343.888794558
611341.92497123
611340.857038848
611336.478236884
611320.61908779
611303.346956464
611288.283323067
611275.321266296
611251.230116232
611230.105403297
611202.453299753
611173.492846453
611167.290755383
611157.653926449
611143.165098518
611134.853944702
611118.233357503
611100.910081608
611076.744099507
611053.451137052
611034.624426035
611008.248711152
610994.99174701
610965.854109389
610958.172655136
610939.370760414
610922.046493179
610905.380120287
610887.932369358
610877.006995983
610857.559967963
610852.347893868
610831.106759649
610831.465798602
610828.185639369
610817.523338592
610805.800732622
610793.45818491
610779.824091452
610772.42554749
610757.911811643
610755.076898063
610739.985597804
610741.223266131
610725.904925323
610730.638185099
610715.482511949
610723.079060027
610717.614242663
610718.010132669
610711.407390098
610715.639403133
610710.641920108
610716.113709926
610712.318501305
610719.303148229
610716.352470536
610725.135922486
610722.724732015
610733.602877723
610731.482203936
610744.756875125
610742.73138696
610758.705777911
610756.627165047
610775.601324183
610773.35616177
610795.620773872
610793.115050201
610818.947310594
610831.092770041
610844.316014599
610858.707574871
610872.262595504
610891.171925441
610903.664507252
610927.454367758
610938.5712255
610967.54333805
610976.970091633
611011.360317852
611018.78514511
611058.764518148
611063.881363946
611109.562575703
611112.073512194
611163.522079609
611197.120514923
611264.782866125
611324.506097317
611342.596371668
611385.477265894
611381.815172353
611426.087805023
611471.567364718
611506.463733495
611559.225569953
611560.32257434
611596.597612159
611582.894397349
611624.162801417
611648.926591638
611694.116118546
611734.651605802
611767.860466667
611788.02116511
611780.333271245
611800.297926713
611815.356377637
611829.105380846
611846.274873545
611847.075886886
611838.845490484
611843.170630958
611849.646482924
611848.907753819
611853.318639629
611847.995783455
611835.373015949
611820.199721698
611796.442573043
611765.23848788
611756.17295997
611745.732245249
611737.80694092
611724.312786248
611706.359903757
611680.801781896
611650.779477424
611636.31917215
611625.357057133
611610.153169908
611593.863341986
611566.120969417
611538.084200254
611521.168069768
611509.515191376
611491.496860629
611472.490592114
611437.640981091
611428.913331445
611413.678956473
611403.080552024
611382.621512817
611358.661201499
611327.060801686
611313.281905785
611298.748571213
611283.411622779
611263.117953428
611228.79849918
611221.024206133
611207.195935749
611200.593018281
611182.05519337
611165.384095404
611131.702880729
611123.070763785
611112.736133142
611103.970614415
611092.726717429
611071.41964341
611050.32539398
611032.415396881
611014.362861896
610990.737237843
610960.181027075
610946.465674865
610939.450113453
610918.255284937
610915.876967299
610904.301733539
610897.317020028
610882.560965284
610859.747414821
610827.766352367
610812.535074219
610792.690600088
610787.481921273
610786.763626046
610771.514801996
610762.049585347
610745.801737105
610732.826641771
610722.229338247
610717.040673773
610705.995114517
610680.22179503
610667.417861396
610645.030296063
610624.171590955
610603.440392451
610586.022791154
610560.635838698
610540.59724483
610510.25597855
610497.816297264
610475.2683605
610456.769964516
610435.523010499
610418.734733261
610403.222651012
610385.281490031
610375.321492668
610356.472574021
610351.72919111
610332.241071085
610332.238449281
610312.40300313
610316.548833497
610308.017427319
610303.387168851
610295.209436395
610293.028193598
610287.572083245
610285.788158309
610282.496285369
610281.326522562
610279.657736099
610279.360710147
610278.815622274
610279.690952852
610279.832702753
610282.21622812
610282.685362375
610286.941048114
610287.462499416
610293.971774088
610294.354528271
610303.504301427
610303.632381944
610315.801605526
610315.619062454
610331.168087284
610330.660392176
610349.921979178
610349.092157616
610372.362509846
610371.204562066
610398.738144315
610397.214058851
610429.223992567
610448.599260496
610464.075581041
610487.704703255
610501.904805447
610528.810617691
610541.637810321
610573.971548585
610584.947515759
610622.917563394
610631.543476643
610675.308162855
610681.084599408
610730.759030467
610733.20560722
610788.872346122
610825.716932017
610896.718767134
610959.485220773
611021.714601314
611029.529749624
611072.433157843
611096.809183153
611142.537537152
611183.31436428
611219.733113329
611236.354360481
611232.718722176
611248.996520252
611264.952171866
611274.588670419
611291.962849979
611299.41979686
611301.012274773
611295.651654603
611273.460739878
611272.774635837
611263.365072658
611260.166009197
611250.301727158
611233.624505619
611214.254221877
611187.292019928
611156.049271123
611144.632958264
611131.872246463
611124.099949294
611105.962814615
611089.068350453
611055.326659285
611046.703543733
611035.152858008
611025.790019316
611010.967813973
610988.191044937
610957.260352994
610944.369133948
610932.09099056
610916.919427438
610897.798818938
610864.017507707
610854.402520751
610839.790462055
610827.300847201
610806.690654755
610774.091555294
610764.231385082
610751.004476726
610740.287768889
610721.146469001
610698.786614469
610665.199512082
610655.174126793
610639.378800219
610630.592486336
610612.382260739
610590.229519551
610556.183375509
610547.057499487
610536.279169016
610528.049538012
610516.294958219
610497.187981396
610477.016083378
610440.843654935
610435.382804998
610424.995307079
610417.798261096
610405.690513877
610387.079155186
610366.307678167
610330.682064551
610324.201513801
610312.827270357
610301.04773773
610286.428352295
610259.8894316
610233.224893054
610208.249075767
610202.77146455
610195.812241735
610195.68843428
610186.983052545
610162.3499534
610151.439342376
610131.234575479
610110.408483033
610092.099194167
610074.636314409
610044.848604973
610021.258615326
609998.552248185
609989.626398923
609984.787609269
609974.013750469
609959.506288854
609947.543249902
609929.71168477
609923.728467608
609903.418035856
609903.622638083
609900.810426446
609891.042229723
609878.726802744
609868.494562804
609853.103700721
609849.327614873
609832.022787609
609834.485314551
609815.544467608
609823.822481014
609819.514699491
609815.281380618
609813.843814664
609809.641277289
609812.565436568
609807.851958628
609814.400165735
609809.580922528
609818.958855528
609814.488067448
609825.894469155
609822.256450114
609834.932115796
609832.620354716
609845.891899792
609845.387391648
609858.703062625
609859.817335475
609874.369258602
609881.329563957
609891.764937563
609898.84968579
609910.886910267
609921.103326639
609932.587815135
609946.187651872
609957.207299929
609974.387126635
609985.089085603
610005.995533703
610016.547488805
610041.287732829
610051.839782715
610080.494821139
610091.141426617
610123.779545722
610134.527869462
610171.220735178
610181.967861934
610222.80429416
610233.323601532
610278.421940596
610308.626821379
610336.079317934
610370.619147082
610395.903892588
610435.509667898
610458.473005087
610503.556539264
610523.4222161
610574.389093648
610648.287005025
610667.700485264
610729.647405389
610732.876912793
610794.566059794
610859.038903944
610911.747853747
610987.06450955
610995.485173422
611051.172485761
611040.417159994
611100.541538802
611140.328891486
611205.789058672
611266.476974855
611308.741665112
611317.005108622
611357.935545153
611397.939522948
611432.64029344
611479.999555747
611516.047463118
611507.142272926
611542.576122367
611560.562625294
611582.71216664
611613.608612506
611638.616374626
611658.322769889
611667.059508794
611675.590635798
611670.105305669
611670.409989773
611660.849848632
611644.10431914
611624.811056401
611589.204387374
611583.423524769
611573.019127398
611566.861134015
611553.790619327
611536.842746473
611513.123179851
611481.63314663
611469.918402609
611457.587963061
611445.537402098
611427.990631509
611403.35238776
611373.22210938
611358.943554877
611346.337235188
611330.103510777
611311.301636107
611276.44355541
611269.081511394
611252.863453618
611245.038078205
611226.519732426
611201.942579436
611171.253320421
611157.014288104
611144.141711191
611127.908645181
611109.861427936
611073.784853175
611068.658633819
611057.441210324
611048.51072564
611034.249715618
611013.136807125
610989.458027168
610955.863232394
610946.347622552
610933.769710505
610921.181843357
610904.511039104
610879.686072278
610850.581167387
610835.830311436
610829.968303439
610821.78208219
610806.324442939
610785.631176365
610752.35283989
610741.988872837
610717.065073708
610719.153206783
610715.383146698
610708.270861339
610700.984172591
610678.943109014
610667.128687052
610637.778621522
610632.932813983
610615.960415609
610602.55932878
610580.832997248
610562.102337446
610536.044496126
610522.971494077
610494.699658609
610486.404997007
610466.936331698
610450.548287928
610432.057680117
610416.442681134
610402.951228335
610385.52230275
610377.127738674
610357.964180926
610354.692173347
610333.922388697
610335.70495335
610327.690782576
610320.163432086
610313.758474941
610307.090527754
610303.535670563
610295.824352019
610296.701618865
610288.228775792
610293.126723649
610284.264180796
610292.666848041
610283.864167773
610295.177067471
610286.943183713
610300.525783517
610303.062267545
610310.779708218
610311.371187692
610324.084989658
610323.603390775
610338.394193263
610338.532270735
610355.739098308
610356.166006606
610376.104709137
610376.546280054
610399.504692409
610399.743249436
610425.977656517
610425.84572121
610455.580104796
610471.176428258
610486.951153825
610505.02483957
610520.588827501
610542.932372523
610557.359570258
610584.262998277
610597.326673469
610629.028520684
610640.523416517
610677.212944526
610733.24630349
610745.638328025
610790.15119988
610791.101152724
610835.234546527
610862.841787067
610922.396895387
610974.318941569
610990.990199232
611026.073644024
611023.965665487
611060.318826794
611055.057950426
611098.206235808
611125.986544929
611137.985709111
611176.089975244
611178.928497533
611222.744439506
611274.084286959
611309.365988364
611367.886647272
611372.781701681
611411.591100929
611401.952426353
611445.162456864
611482.527880378
611518.299151001
611562.205081771
611583.768410783
611586.271863158
611610.159151032
611635.949247881
611653.49468447
611680.972445422
611698.289499597
611708.003834286
611711.929099981
611709.481157347
611700.612701003
611689.416340898
611668.7335592
611649.03811926
611616.408050754
611606.773413796
611596.071308247
611587.974268312
611576.099907159
611556.786643689
611535.932681674
611501.229625219
611494.087525292
611479.723929025
611474.281271917
611458.830720925
611439.151351857
611404.85428189
611397.374059287
611384.81734189
611376.61301897
611359.569508734
611338.832026027
611305.887334588
611296.026428364
611280.795123386
611269.818206744
611247.368750317
611223.970305257
611193.938983509
611178.623851167
611161.964958048
611145.250531132
611121.568809466
611090.015712785
611078.807875248
611063.225216231
611053.108038496
611033.696623659
611008.724278551
610978.108097663
610964.05178243
610953.331536119
610937.856432129
610924.1955687
610901.54466763
610867.579427266
610858.391111885
610844.738473495
610837.873668992
610823.682243135
610802.309420879
610778.776746897
610748.122028011
610734.431231005
610721.910121609
610706.923147068
610691.584879084
610667.669280003
610635.33482167
610622.86474554
610605.842703745
610589.654266322
610577.666053609
610569.36150748
610554.136270379
610525.068811784
610510.171800834
610487.131214367
610463.424366808
610442.66652676
610420.541066951
610386.347292954
610373.980598879
610351.161057978
610343.763977936
610329.457209976
610318.063634274
610304.439016671
610293.816732135
610284.544991885
610272.387634263
610267.406172
610253.948617194
610253.184947886
610238.68451949
610242.040504992
610226.777123731
610234.117153585
610231.16012871
610230.236984378
610227.856600305
610229.185501032
610228.61028092
610229.917077287
610232.927405957
610234.426621867
610240.777413831
610242.728058957
610252.089223172
610254.794109035
610266.759520933
610270.560631618
610284.663492219
610289.933278997
610305.66589006
610312.795907805
610329.632958385
610339.021237089
610356.444152945
610368.482232968
610386.002300152
610401.062728861
610418.240237767
610436.665266605
610453.123771055
610475.217576872
610490.652704755
610516.676892726
610530.857595904
610561.029912619
610573.793318265
610608.29077324
610619.531221208
610658.496236928
610668.148364463
610711.696853323
610719.715709753
610767.948926572
610774.290846341
610827.308795518
610862.583308411
610887.641978106
610930.768332926
610949.679542252
610998.223356407
611014.622114251
611068.895777178
611142.401303297
611161.387798587
611225.690559106
611228.303420059
611292.594013927
611338.104233566
611418.349219587
611492.579553885
611511.876924408
611569.943640778
611562.975352656
611624.606152222
611664.778043573
611735.005273107
611797.62478871
611803.53363799
611859.467711731
611892.853616681
611949.800080914
611985.290649908
612037.755533001
612077.411281233
612112.887546732
612135.388747588
612159.268405752
612168.297295575
612183.872730868
612190.735730371
612189.568167255
612186.194904084
612173.193641806
612160.62557089
612140.885043675
612104.494760551
612099.894137099
612089.751070729
612086.490824202
612073.732046622
612062.091170833
612041.106188239
612008.371418196
611999.175902638
611989.342949387
611980.963559872
611967.078332156
611947.042748393
611914.125853732
611905.197477414
611892.89461581
611882.507858112
611865.017633869
611841.148524665
611810.877662123
611796.750047729
611782.980479661
611766.288669561
611745.628047972
611712.243141461
611703.006571333
611686.734897645
611677.328318841
611657.730003145
611630.447265789
611614.769562433
611594.522244942
611559.803235849
611553.264051554
611540.79294845
611535.636607077
611522.785836798
611504.018094239
611481.149384212
611447.549100341
611424.05812774
611420.43388483
611420.36810315
611422.310365833
611420.784351073
611409.423250036
611391.840310564
611382.958263555
611373.019019758
611357.187486615
611341.325945751
611316.707891044
611284.493022413
611271.633998252
611254.660187072
611243.666591988
611224.772387726
611193.073171125
611182.571108345
611154.573074763
611156.439527652
611146.026157746
611142.403692018
611130.523440927
611111.286234253
611078.687931825
611066.984231555
611048.664331425
611035.362539239
611020.510095488
611014.880040989
610996.981973295
610983.618012327
610961.479438289
610952.883704946
610929.097276499
610925.248569343
610910.233062955
610899.222195185
610885.017896149
610875.846694094
610866.389662165
610856.417440749
610851.627230893
610841.053883048
610840.748584506
610829.798393971
610833.691242229
610822.615733983
610830.320974565
610819.400034608
610830.448238887
610828.955221024
610833.271992731
610831.045646693
610839.034425217
610839.091094463
610847.983531036
610849.900515991
610859.925392994
610863.270508333
610874.701186346
610879.048316077
610892.199278735
610897.143095931
610912.364144972
610917.533234828
610935.199777507
610940.264892587
610960.765167185
610965.443671964
610989.165816811
610993.222429219
611020.54208285
611023.785445545
611055.054218096
611057.328700131
611092.864221809
611113.835890359
611132.216658403
611157.373262506
611173.812808999
611204.175051164
611260.531358873
611274.972304391
611314.989541108
611320.574977848
611359.578937745
611362.781671103
611407.937464039
611461.822490587
611496.92875707
611518.458747765
611553.132195195
611559.430610259
611600.802549313
611654.375118285
611686.31118008
611708.196400733
611740.284107237
611746.581554962
611786.033756704
611837.339336194
611889.64035115
611939.798470662
611969.500694029
611971.897216379
612000.01410545
612027.147613578
612047.595339083
612077.931848015
612097.021066947
612111.486315818
612115.274726683
612118.016960238
612108.76421359
612102.078245686
612087.750586791
612064.699569829
612034.209176252
612023.878167511
612016.939705275
612011.206354425
611999.849622217
611984.792902532
611962.2683983
611931.456808923
611920.440111388
611914.256690277
611907.022159011
611894.982178699
611876.311907942
611852.850669042
611821.865123489
611809.298252437
611796.939285532
611783.279182957
611765.026388427
611738.483336725
611709.883257319
611693.887397972
611679.937174303
611662.487545843
611640.034639465
611608.817669412
611596.321406632
611582.425722991
611567.780488316
611547.49834775
611514.575912601
611505.761658882
611491.917541502
611483.021704208
611463.341104817
611443.339742938
611411.224950318
611400.463098741
611387.280848211
611376.863756598
611360.526968622
611337.858878588
611307.019054675
611295.407133531
611288.020496791
611276.012050105
611267.523255749
611249.622750724
611224.065073565
611194.026144497
611180.540412324
611157.309251183
611157.840671393
611155.114810149
611148.941931777
611142.530353379
611127.335004267
611104.552154486
611074.915511812
611060.64712196
611053.48908648
611043.525327518
611025.613033219
611000.668653064
610971.405414804
610954.64175946
610934.064316327
610927.838019279
610920.974125719
610904.03287287
610889.958119299
610871.600548268
610855.126447035
610842.142478516
610831.65982382
610807.632126117
610794.15629427
610768.444725842
610757.79106361
610740.635559127
610723.642353355
610709.189190452
610691.532984313
610682.599024686
610663.210181939
610659.707384936
610638.895476206
610640.627495391
610630.745789333
610623.645911238
610615.348684206
610609.632032677
610605.946972361
610599.658570092
610600.205066852
610593.595714961
610597.901883176
610591.260641117
610598.784942177
610592.435915212
610602.595143567
610596.891521748
610609.091864812
610604.408195916
610618.077689034
610619.108529517
610629.722689397
610627.361738256
610644.035392155
610642.298851491
610660.902246072
610659.615203695
610680.35775937
610679.39564703
610702.502230684
610712.33815311
610726.627801941
610736.463533
610753.095452741
610766.2584426
610782.548498821
610799.465694387
610815.19478513
610836.256914219
610851.214715878
610876.76465675
610890.745920535
610921.071095508
610933.869201925
610969.197131344
610980.59693597
611021.096267486
611030.869162585
611076.657639053
611137.533961947
611172.364214897
611201.632984091
611235.2652788
611249.984648216
611289.570939708
611350.04157993
611409.304239145
611424.315533498
611469.182113427
611462.113535057
611509.661044517
611540.253772108
611596.188645526
611646.139230784
611651.441761101
611690.308994917
611710.462786132
611714.479495898
611746.087219492
611783.276250927
611807.328369345
611848.83581222
611846.346119852
611873.757912098
611897.139775005
611915.566848351
611941.585616713
611957.141748169
611962.864546953
611950.910605661
611958.718887106
611962.41432503
611964.887966283
611966.876178186
611957.011714411
611950.306137727
611934.191166681
611911.921069746
611881.052000477
611870.296589251
611862.66697705
611851.829465683
611842.285726137
611823.168521503
611799.368473084
611768.23373665
611756.448575978
611744.104910659
611731.731624254
611714.22095736
611689.433375622
611660.353090111
611646.473769312
611634.368986574
611619.518384444
611600.55572216
611567.822571313
611559.390662662
611547.036694019
611536.902314647
611519.71032427
611496.229974969
611466.630711345
611453.235256344
611441.468926119
611426.277989705
611409.053909396
611374.001532011
611369.221555587
611358.248263509
611350.098463741
611335.435310217
611315.23879126
611283.954382867
611274.16633309
611266.938679912
611255.997658062
611247.652052118
611229.86393338
611198.72172223
611185.710080087
611166.574553532
611142.703452785
611114.699562917
611105.848000806
611075.145841307
611080.891346461
611075.391662583
611068.166217184
611063.246796723
611050.574022072
611031.42058013
610998.51025139
610988.998903206
610973.696127853
610965.862003221
610950.00791636
610926.493762748
610896.650708085
610870.875537877
610865.443261264
610857.058012216
610856.336241539
610847.403733422
610826.509568229
610813.955436411
610794.535428036
610772.723500912
610744.643529594
610728.407169763
610712.329096827
610705.876164442
610691.736647229
610690.38838136
610674.270249289
610677.839043911
610660.066546746
610668.321881972
610663.779116107
610660.257668562
610657.744047871
610654.551588934
610656.299451865
610652.346835645
610658.145206326
610653.688271309
610663.265133586
610658.594556055
610671.620730198
610667.059064322
610683.156676282
610679.052392068
610697.807572224
610703.47451031
610715.22115367
610719.871248351
610735.65937576
610742.206314201
610759.340982151
610767.515584294
610786.223528257
610795.745381373
610816.276575668
610826.854883261
610849.482207815
610860.81995108
610885.838093305
610897.636151548
610925.357104719
610937.316535855
610968.061906667
610979.885492662
611013.978553645
611025.374284459
611063.13484418
611073.819467329
611115.556573447
611125.254994239
611171.259456018
611179.704660937
611230.244808579
611265.997688479
611292.242396965
611334.589194166
611355.97788557
611401.845033204
611420.703901554
611472.309602243
611488.259492604
611545.872366105
611558.579377241
611622.402064534
611631.582616606
611701.756566382
611707.177337029
611783.789861002
611839.059882377
611932.622141387
611957.36915399
612031.135187884
612035.4702607
612109.1811856
612162.305573517
612251.934835747
612335.342222334
612356.556012744
612424.458431514
612484.310951531
612540.0451783
612611.889804849
612653.218173334
612716.54865984
612721.799294769
612768.206098125
612809.490092391
612846.539089596
612895.382160702
612933.093694166
612965.572101251
612989.469546151
613010.992691819
613023.351914762
613037.157672818
613038.125075652
613044.147123844
613042.061289298
613032.45627433
613021.879485373
613001.349474421
612981.220368291
612949.155698561
612940.29113943
612928.729944562
612921.956234074
612907.742213247
612889.567673398
612864.760431515
612835.309459594
612822.497753805
612809.848208782
612796.518942234
612777.072727308
612745.371735847
612736.658313894
612724.332770264
612714.061318992
612695.061377822
612671.684591365
612641.39852008
612628.665023483
612611.230216569
612597.163637153
612572.567242275
612543.959989593
612529.316170661
612516.23344083
612501.549479997
612479.834112903
612450.182195132
612438.33746481
612430.318953738
612416.884532317
612406.276440638
612385.994151611
612352.089387069
612345.444804499
612333.766369785
612329.041525297
612317.01314802
612299.009928647
612277.566046606
612244.090256116
612237.962434156
612228.197228165
612218.845614452
612198.114521936
612191.645175932
612179.841685495
612166.115204287
612149.150399603
612117.204031895
612108.797125576
612082.321133009
612086.66020034
612078.8845665
612078.691477364
612070.196336591
612049.015084181
612037.022741165
612016.567035797
611998.847635123
611978.726692022
611963.804319479
611939.586332175
611911.770813112
611894.866949742
611870.10790512
611864.109667848
611838.77783511
611837.337585521
611823.597696554
611811.352171134
611799.30595493
611787.271776416
611779.924084834
611766.54929602
611763.940206386
611749.439479096
611751.528872303
611736.150205193
611742.801947481
611726.828249948
611737.803281116
611737.506368979
611737.249014726
611738.66621263
611739.826942933
611742.928738289
611744.318023646
611750.652905062
611752.518528878
611761.623303216
611764.256562005
611775.611184231
611779.343915906
611792.396255416
611797.592251493
611811.784315772
611818.82849647
611833.623581805
611842.910262197
611857.817703232
611869.737960474
611884.33275015
611899.261544999
611913.196374546
611931.480381328
611944.490877314
611966.440817817
611978.344879566
612004.231307297
612014.919375111
612044.969535411
612054.38704569
612088.786362944
612096.913746709
612135.812055373
612142.641597884
612186.161473962
612191.673184147
612239.920181146
612271.37611433
612295.09002093
612333.299070217
612352.324703923
612395.851268598
612412.692748782
612461.81313002
612476.054532336
612531.028237288
612542.229543676
612603.295493572
612611.006390989
612678.38088963
612682.156496187
612756.033780586
612808.895838724
612898.084944703
612920.037811931
612990.886455104
612991.682112345
613063.604648236
613132.284025489
613195.80119115
613277.613397297
613285.810860886
613351.905930037
613393.163488065
613462.280512582
613523.574337761
613580.556632088
613623.700677173
613621.635680166
613666.705684117
613693.461806396
613739.986767273
613779.234190253
613808.607023806
613840.627963041
613856.728221186
613880.768392252
613894.689148947
613902.195006014
613905.925083254
613901.444453734
613897.574592059
613886.49583399
613869.962921544
613849.816364059
613816.179125005
613810.351195079
613799.211877222
613795.745527914
613781.677990419
613767.830882377
613744.133290755
613714.604394332
613701.289758257
613692.078415491
613678.079125238
613663.172689655
613636.086782348
613609.95113195
613595.192215152
613581.899036516
613564.426728084
613543.124381503
613512.494034606
613500.125385847
613486.75376536
613470.969668664
613451.135476247
613418.197619463
613410.136380829
613393.574841841
613385.624307387
613367.127310194
613332.653467679
613326.663543308
613314.493692794
613308.598828259
613290.538355848
613276.344308384
613252.352148344
613221.234379759
613209.841556141
613195.350835316
613187.164855708
613171.745048382
613142.657309248
613131.423337554
613113.77882762
613091.13170194
613070.29260974
613042.643721018
613016.077512013
613013.636222378
613009.745937601
613004.639633158
613004.243788205
612997.728330012
612981.579548148
612967.95557658
612942.790032951
612935.724342817
612918.29872633
612904.671692398
612884.351743469
612864.271829501
612840.279968189
612825.162528965
612798.533584301
612787.705866182
612758.905623168
612752.082925876
612733.050529556
612716.938987211
612698.431259556
612683.314870984
612668.773564792
612652.522093692
612642.058688361
612624.861528148
612618.581259588
612600.623827729
612598.594859175
612580.066036887
612582.292404218
612563.391871239
612569.79322331
612565.323312358
612561.848766368
612558.743043629
612557.120379143
612555.935240929
612554.408164831
612556.807815084
612555.542669604
612561.139382921
612560.36994194
612568.672835594
612568.699688481
612579.138093777
612580.324510451
612592.278828085
612595.039143336
612607.873172749
612612.656974539
612625.752870773
612633.027575945
612645.817176785
612656.046747438
612668.036189866
612681.661019921
612692.44971881
612709.87064716
612719.162879785
612740.729852507
612748.335712582
612774.338043642
612780.161215731
612810.822077065
612814.841414366
612850.321249829
612852.568177947
612892.974003307
612917.793220107
612936.762330458
612967.334918223
612982.563704332
613018.509595749
613031.662805515
613073.158721392
613084.027714131
613131.222080382
613139.560525758
613192.580037741
613198.101354575
613257.059648066
613297.129793944
613373.782122288
613393.45252211
613449.230989537
613455.412888679
613510.485130676
613572.872890219
613618.82716053
613690.53905044
613700.371546727
613750.072309419
613743.462737991
613796.850079069
613844.504218187
613890.531699986
613947.275697424
613979.314700778
613987.27234185
614022.021207876
614058.825986714
614087.719869609
614129.29831195
614159.031816932
614183.337845219
614198.899572042
614211.515697767
614215.332791968
614219.586810798
614211.832851348
614207.83237728
614194.625199482
614175.725614962
614153.562502458
614120.161710425
614112.763045215
614099.83129697
614095.508045842
614082.000967964
614064.351155092
614039.756207036
614009.488648125
613997.79503507
613986.003323492
613974.823913405
613957.206986635
613933.995387625
613903.36835982
613890.945770095
613877.095259306
613862.794031772
613841.806369225
613810.307088782
613799.996459739
613785.738322318
613774.023419422
613751.823579476
613722.858107349
613709.600131266
613700.967835961
613688.884746077
613670.371483533
613645.66545247
613615.008681236
613603.008121492
613586.828643803
613576.250835907
613556.354259285
613523.353789406
613516.125193399
613504.622548817
613500.278327283
613484.133045773
613471.286580017
613447.073149287
613432.365304429
613411.570320335
613392.677052512
613359.287609398
613350.544853807
613342.576751534
613332.142909722
613324.166108928
613307.122495866
613282.397134642
613255.398350178
613234.712227684
613203.131265098
613194.167834616
613171.704309518
613173.990022081
613172.96406989
613165.026888235
613151.803615828
613142.380870161
613124.075733657
613119.491339645
613112.596003569
613095.84730883
613081.984618978
613062.527125603
613046.949335293
613031.534790622
613013.737276922
613002.361385336
612982.738001306
612975.455291383
612954.400405287
612951.297082588
612929.194644591
612930.358860874
612919.332361143
612911.555065375
612901.880126272
612895.886605624
612890.855576205
612884.552075949
612884.201175613
612877.716366487
612881.944697277
612875.424629517
612883.984079873
612877.60204804
612890.099655124
612884.062843372
612899.977339668
612894.532852933
612913.243298688
612918.487618239
612929.296512795
612933.56435972
612948.125286789
612953.763189435
612969.653792763
612976.131150733
612993.60507335
613000.418646703
613019.782897573
613026.477223919
613048.084633497
613054.267589603
613078.506840341
613083.860128491
613111.14202261
613115.423858661
613146.16595125
613149.207503456
613183.818617005
613185.513513578
613224.378529111
613247.671572724
613302.206066406
613316.866277923
613349.848838867
613358.409804728
613389.532713962
613396.185190453
613433.371627747
613485.003575992
613512.168581188
613536.190161409
613563.094302763
613574.568518927
613608.435310315
613662.027778792
613715.485630363
613726.399956712
613767.599059174
613757.878115697
613801.754746938
613827.329964807
613878.142701134
613921.287885768
613923.665142967
613958.251104639
613974.78760986
614010.836998878
614040.283142877
614063.57951258
614073.275500487
614063.730657902
614072.161263493
614051.4852072
614068.72830372
614072.415411968
614086.782195356
614094.548989899
614091.664311752
614076.974957761
614076.050147432
614070.711157023
614063.9685623
614054.025424647
614034.657410551
614015.409527605
613983.141545132
613973.686198279
613962.302670081
613953.708079156
613940.029896281
613919.554555157
613896.047562617
613863.762850903
613853.454091616
613838.514856802
613829.452010532
613810.627974705
613788.225848311
613755.261349371
613745.423763103
613731.182664942
613720.673675014
613700.824462112
613677.847536571
613646.414977301
613634.435388274
613619.29675105
613606.399236408
613583.924799447
613554.069425558
613542.037851524
613532.296389863
613518.544576118
613503.983808514
613479.256029793
613449.724751855
613435.48579457
613423.32626491
613409.682961906
613389.952665018
613365.814978373
613333.9791692
613323.226534725
613306.460156764
613297.77574624
613279.424866604
613253.002893011
613223.9128315
613209.127422545
613199.646503411
613188.662008471
613170.293259842
613149.644084319
613118.161122295
613107.201954728
613079.228813635
613083.032724911
613075.375796718
613073.702589369
613065.487730001
613038.959233601
613031.962481497
613015.032004938
612991.919930211
612972.277760773
612946.342239051
612923.801524835
612917.829763439
612909.736019378
612896.379591657
612892.918477568
612891.218485719
612877.138763745
612866.530392954
612851.142575128
612837.141290238
612827.222292472
612821.177357309
612808.478959093
612782.495942602
612768.57919548
612746.456142249
612726.607986605
612706.102632855
612686.992587927
612671.747537907
612651.565793836
612641.463676154
612620.663285803
612615.483400553
612594.486780854
612593.906445792
612583.814915515
612577.521533462
612567.633352958
612564.905498251
612556.831486555
612554.617405014
612549.870251571
612548.230368698
612546.345929922
612545.344101799
612545.825635473
612545.546390604
612547.886933436
612548.450456374
612552.155367902
612553.728664198
612558.336572404
612561.140847982
612566.241895787
612570.554627293
612575.802500576
612581.953799185
612587.072534667
612595.437503546
612600.220773419
612611.20593887
612615.509474213
612629.537858562
612633.267478901
612650.762327805
612653.857437584
612675.226106891
612677.640243898
612703.259353923
612704.939622999
612735.143080004
612736.010718088
612771.082579913
612793.516478598
612844.610855479
612860.378877799
612870.620683931
612901.504785749
612926.104679802
612938.125748108
612972.415107854
613021.84825465
613046.048296618
613068.808216072
613075.463602332
613108.485889885
613137.95035225
613192.348875424
613238.921142434
613245.455483247
613281.30190829
613266.76450923
613307.550954189
613329.701475099
613372.413344677
613407.104352465
613437.802896161
613453.649577039
613445.520855478
613461.879625337
613472.185681665
613481.182741747
613491.579682611
613486.565708197
613476.314026765
613473.960022654
613474.389418885
613466.110010968
613462.436201921
613449.158451919
613428.640273497
613396.487063307
613387.228131377
613381.181405017
613376.502776796
613365.398377576
613351.025845608
613327.914398881
613298.444708724
613286.411921592
613280.18692036
613271.924190534
613258.275029481
613238.313836096
613205.787005133
613198.006468565
613186.500683399
613178.51728792
613162.13217217
613141.806139938
613109.386122736
613099.849239967
613085.901203503
613074.817887967
613054.788930653
613023.426229852
613014.348686393
613003.609624941
612993.717476669
612977.573215856
612955.740362722
612923.965024254
612914.103438778
612900.111860881
612890.789840184
612870.505662183
612850.608444412
612819.2068601
612808.346041272
612796.116211412
612785.586421366
612770.399229262
612747.59077464
612717.761300529
612705.908596511
612699.807035537
612692.356860712
612678.863962768
612661.380745924
612635.53362287
612607.880861553
612592.119775364
612585.619929165
612577.018684494
612559.429485931
612538.568783317
612506.552200017
612494.934952748
612469.494667948
612470.2622149
612460.271954929
612456.704881461
612444.888670666
612421.244091618
612407.428063788
612385.902069199
612365.597151689
612345.472629564
612327.648295881
612296.854843058
612285.632879855
612261.247308324
612260.794857027
612237.075119949
612241.795735116
612233.317256018
612222.768542743
612217.592881585
612204.872098072
612204.780943754
612189.707391192
612194.70530947
612177.454466442
612187.505094384
612184.670345978
612181.210418757
612181.32360613
612176.886576292
612182.013115607
612175.986717058
612185.996071773
612178.64090456
612193.288254094
612184.943398551
612203.872183242
612209.406021982
612216.518441141
612223.670769332
612231.932154114
612242.415558719
612250.91410739
612264.273595715
612273.400233058
612289.131771758
612299.307357692
612316.881541914
612328.541770209
612347.428961131
612361.007880645
612380.702214242
612396.615712449
612416.65635339
612435.288133266
612455.276741427
612476.967749421
612496.579338936
612521.619975017
612540.605870376
612569.232789653
612587.41799723
612619.817074114
612637.09074613
612673.402499894
612689.700867405
612730.029666481
612745.317133296
612789.744717025
612803.992060647
612852.591588599
612865.75439754
612918.605715523
612955.163246352
612985.966850116
613028.054585389
613104.999757351
613131.745223525
613185.566396468
613203.716333334
613253.042896721
613268.607184623
613323.827776466
613396.793923891
613441.910351521
613477.164096201
613491.782653961
613542.493079198
613587.353793797
613667.936663455
613740.779905807
613814.252403801
613823.268217768
613880.497018818
613915.320066196
613973.821471245
614026.448379004
614061.977952583
614107.122413808
614103.421395139
614138.089210689
614163.675977089
614190.77082223
614221.55071071
614235.569537156
614258.311543669
614245.887769473
614262.824084882
614267.475954997
614282.989908596
614291.069681724
614290.979802059
614290.287477583
614277.276056163
614267.659751721
614248.368071174
614213.059741531
614208.047973989
614197.379619391
614192.409722919
614177.656612246
614163.10790375
614138.756290616
614109.012042925
614095.554360131
614084.361045728
614070.945993754
614053.261411102
614027.766039147
613998.866845865
613984.446713493
613971.241310228
613955.611572662
613935.050272921
613902.977494187
613893.502141363
613879.858974342
613869.650679086
613849.528253705
613827.334391567
613794.933910133
613784.626852118
613770.460944681
613757.10201722
613735.876753574
613704.278966741
613695.886808773
613684.715287655
613677.759290614
613661.532245394
613644.687152233
613611.645337069
613604.146482565
613593.967565352
613586.214771613
613575.086756084
613554.155495308
613533.970604309
613503.618043959
613491.33996693
613480.701387507
613467.049312753
613448.580166359
613437.087006867
613424.450202943
613405.623161479
613386.006921016
613355.86430767
613343.290543555
613318.367863404
613318.616196242
613311.680556062
613302.688314563
613291.184236724
613270.959019819
613238.093580622
613227.972892989
613211.386908964
613197.162879445
613185.376308394
613179.223257443
613159.442076105
613149.113403329
613122.545933706
613118.408235049
613102.603937499
613091.983005991
613073.183045553
613055.999000386
613033.917846911
613022.020580658
612998.122004316
612991.43181601
612966.043861416
612964.451735492
612950.866716321
612939.436086675
612927.757712965
612917.319971507
612910.418286234
612899.262257701
612896.880734627
612885.205474573
612886.982351962
612875.020587495
612880.500521205
612868.520358955
612877.175821254
612865.480767001
612876.739508586
612876.811697978
612880.745300597
612879.539016174
612887.283305488
612885.489395005
612894.385707192
612893.712812316
612904.007502003
612904.136293617
612916.111663395
612916.759920587
612930.730690882
612931.654768644
612947.961848423
612948.953777974
612967.954736751
612968.836097277
612990.895406623
612991.509688956
613016.987914071
613017.189507973
613046.432179538
613061.908912964
613077.792645801
613095.935012363
613111.635291038
613134.617114516
613148.917440729
613177.121263249
613229.408185476
613241.75573233
613278.943371685
613282.425135243
613319.214491316
613320.235939565
613363.119483393
613412.581291812
613445.272357912
613463.648594123
613495.783737456
613499.488008682
613538.194806694
613586.559902124
613615.628792942
613633.791181532
613662.853631593
613666.149668001
613702.431945793
613747.831137079
613794.083400733
613835.902068403
613861.18179168
613858.195374054
613882.69286636
613903.68582079
613920.377534098
613943.569433302
613957.652235834
613959.970851293
613949.336100631
613952.978534903
613954.957230877
613952.593269953
613952.167374922
613942.916728804
613927.178515998
613904.019130566
613892.490261012
613875.54221431
613859.344337224
613836.11465446
613804.265883735
613795.588946033
613783.518811162
613777.463259298
613760.705410369
613744.734790162
613711.345839133
613704.493451442
613693.135312159
613686.377830255
613671.740294893
613652.123928553
613619.996294007
613610.884449929
613598.74069935
613587.9990466
613569.997467982
613546.103599057
613516.165972512
613502.876783976
613487.716872612
613473.148934874
613449.540987092
613420.616888809
613407.102944045
613396.80773711
613381.579711724
613366.055959453
613340.584297077
613311.392708567
613297.110229892
613285.293524163
613272.48411772
613253.944309348
613231.438498653
613198.824469837
613190.311877407
613175.947648946
613170.232690809
613155.349916315
613134.615610618
613102.95763067
613093.413509032
613086.763347681
613076.062237461
613061.194523121
613053.156500003
613045.697360889
613030.725006875
613016.993142423
612993.928361113
612962.614592339
612950.584280358
612934.028643248
612923.885062082
612905.621011068
612875.09880201
612864.63361068
612837.855404288
612839.369406812
612828.888248228
612825.037694788
612812.807136748
612790.403947167
612774.779707312
612743.966020017
612735.604635697
612715.637988578
612697.297022768
612668.439271076
612654.788458513
612635.11651901
612631.371680488
612613.174292641
612614.914040507
612614.30550932
612605.074631907
612595.117196048
612584.494053001
612571.738898968
612566.614315556
612552.126004548
612552.360694418
612536.394861513
612541.717420114
612524.593379944
612534.606181785
612531.450645194
612529.534646465
612528.274510389
612527.182562026
612529.523851875
612528.353534542
612533.786986429
612532.883251257
612540.857935734
612540.600663132
612550.551771577
612551.345437265
612562.7233398
612564.983462173
612577.279343234
612581.417719004
612594.185144584
612600.595890176
612613.465893938
612622.513045989
612635.202379355
612647.210786668
612659.521685142
612674.770775888
612686.58363108
612705.30669707
612716.565620329
612738.950927462
612749.64197917
612775.8381481
612785.966234994
612816.092032175
612825.656156336
612859.81189693
612868.780985092
612907.060903995
612915.352488024
612957.856981415
612965.321007492
613012.16804658
613044.778733353
613069.916699084
613108.092560609
613129.578978705
613170.920532386
613190.058960083
613236.863926801
613253.048830009
613305.693142324
613318.329199758
613377.166570705
613385.697830121
613451.047801631
613454.979862105
613527.117875126
613577.090815085
613664.335460677
613683.224485323
613752.809268372
613752.000354166
613823.265052894
613889.808464073
613952.978342514
614032.637124847
614081.076571513
614099.885060622
614150.332242088
614205.770237189
614267.363175226
614313.546187172
614368.864680334
614365.673879974
614411.701510681
614438.270188504
614484.430404462
614512.351162299
614553.798830987
614584.917158018
614574.464063639
614605.881186003
614620.47527669
614639.83818366
614664.253652852
614682.703631939
614694.343398431
614697.485462398
614696.953873314
614688.573442784
614678.599914406
614658.682263978
614638.865621333
614606.626266727
614597.488773506
614584.265069533
614576.769294834
614559.256266217
614540.170423238
614506.551891848
614499.223979869
614485.324422699
614477.809371116
614458.148171675
614438.682945927
614407.798197453
614396.240304547
614382.119996284
614369.156999571
614349.208348652
614317.027733332
614308.95316574
614295.190665817
614287.090107048
614266.336633901
614246.935259007
614217.21708199
614204.211873471
614192.038281817
614177.12994855
614160.293106595
614127.390948577
614119.983749885
614109.281082956
614101.213982618
614089.152887756
614067.580605928
614046.328443705
614016.617019135
614003.531238699
613977.468887236
613979.379055919
613971.15254022
613968.59734762
613958.439807545
613940.613162822
613918.034406948
613886.650075687
613874.527160098
613864.970180878
613849.116241086
613837.29824702
613816.282765874
613798.101100781
613772.489224834
613761.542522847
613743.08696353
613721.901236112
613699.146918669
613676.764341079
613653.411320939
613636.39709404
613610.68883381
613598.653433149
613570.946053217
613563.516945701
613544.582870039
613529.228064411
613510.718519568
613496.607306591
613482.249346395
613466.757422507
613456.457247639
613439.688497975
613433.351622826
613415.436325794
613412.95426836
613394.06144982
613395.30106823
613375.647005609
613380.44091941
613374.217284632
613369.308194527
613363.641321565
613360.585754997
613356.204675603
613353.137278216
613351.857887007
613349.058497613
613350.640156031
613348.451716853
613352.5775868
613351.397523051
613357.680967072
613357.946375515
613365.9442242
613368.115757775
613377.346876033
613381.889501783
613391.854782881
613399.218230695
613409.422367408
613420.02357327
613429.995456118
613444.204040139
613453.514962012
613471.643249363
613479.919923657
613502.217180879
613509.149317417
613535.802811187
613541.146587873
613572.288474058
613575.862389143
613611.579317604
613613.253949002
613653.601251083
613679.923711497
613698.043618474
613729.921982745
613743.745665149
613778.772602733
613790.036261897
613830.338367872
613887.497810012
613899.269611971
613947.32298478
613945.361653592
613994.198473572
614024.851459497
614085.680059542
614139.9796218
614152.114528616
614193.312507693
614184.335813508
614228.110648477
614255.75998607
614306.629654958
614351.711074029
614353.327342484
614389.843760676
614408.640793627
614446.769459241
614478.779976944
614504.680127911
614520.049592597
614508.846598293
614525.405421517
614534.608130242
614545.502525605
614555.474512964
614553.725681699
614555.280931226
614548.746227472
614534.304739295
614518.30600108
614482.854698795
614479.860069743
614467.504314966
614466.857514874
614456.272584577
614440.047683868
614418.349642805
614386.635462853
614377.628487225
614364.980353362
614356.418452202
614338.012382184
614317.702155039
614284.890138909
614275.956211316
614260.447882494
614250.555253837
614229.893318901
614199.50040451
614188.070337766
614179.341336638
614166.419029798
614152.368706606
614126.441447113
614099.362158987
614084.092487841
614074.300353481
614059.941900284
614041.683898514
614007.477697121
614001.352225417
613989.858006041
613982.805271509
613968.794759576
613949.216400156
613923.736145248
613907.855935393
613885.08743786
613854.622975545
613846.058061404
613840.469739399
613836.379193719
613824.93609814
613811.358586959
613786.741541987
613759.663219061
613751.45914925
613739.895245152
613721.352529351
613719.491426509
613711.399403323
613701.970052477
613688.994079566
613664.397720252
613645.913007692
613622.135110938
613602.965240324
613572.892806615
613560.628100148
613548.970836767
613532.890404023
613515.788050377
613499.37042108
613485.187581953
613458.813277376
613435.698116339
613411.367910543
613383.657947769
613376.742962714
613365.679388724
613358.929412878
613344.15188071
613317.210644102
613301.978644849
613279.107208803
613258.134387968
613237.044396154
613218.856301241
613189.231295147
613177.092872905
613155.871319444
613154.201199515
613135.516895425
613138.745107553
613130.243347835
613125.298712604
613117.690350882
613114.527822383
613110.9591191
613107.264998336
613107.354550621
613103.296481198
613106.626112456
613102.403781907
613108.534769086
613104.385612399
613112.876601896
613109.077461716
613119.502023967
613116.367261615
613128.328758554
613126.203337773
613139.346045613
613138.597728667
613152.616458992
613153.62584279
613168.268137675
613171.416031379
613186.480422845
613192.137307661
613207.467528788
613215.983175246
613231.457571243
613243.152245327
613258.669774113
613273.827778736
613289.29249126
613308.159346393
613323.465108636
613346.248395761
613361.264614728
613388.137633093
613402.697455045
613433.806064219
613447.698042622
613483.169265132
613496.132326327
613536.083337602
613547.8058797
613592.354308147
613602.479480919
613651.75469226
613659.889379768
613714.040465686
613750.631057654
613776.403318928
613820.845270116
613891.10439158
613960.493378775
613982.734608883
614034.408229523
614032.990229967
614084.500501903
614136.269872439
614178.667871566
614238.978097273
614242.574751923
614286.908483854
614273.601356711
614323.653439851
614353.736065567
614407.094731935
614453.01853719
614484.842444458
614487.777393039
614519.178607417
614549.998475837
614575.29804611
614610.794937733
614635.489630317
614654.525669323
614665.299000249
614673.128973831
614671.783151519
614671.60241361
614662.874567876
614648.424673075
614630.198148278
614595.665850289
614592.243996811
614580.500487526
614579.989035195
614569.890348044
614554.144061622
614533.176968451
614501.268356943
614493.192490902
614480.854729132
614473.271213168
614455.486848822
614435.997890795
614403.215191906
614394.787092447
614379.895875728
614370.01069502
614348.607053123
614319.415837002
614308.738333901
614299.204517421
614287.258918704
614271.485700619
614247.034841472
614218.264768393
614205.256172745
614191.786111617
614178.576235169
614157.230315596
614127.562705802
614116.656085395
614108.812002113
614096.809249488
614085.977412365
614065.408354277
614033.854775741
614025.540001963
614015.755686541
614009.652046849
613995.603221235
613980.209157466
613953.934274294
613927.43913941
613917.156321134
613905.986805558
613897.522907094
613880.566665915
613863.263219074
613831.832525239
613822.941220005
613796.130043746
613801.527129547
613795.293021905
613795.543663579
613789.058296964
613764.430134646
613757.924422752
613741.08711998
613724.836437707
613700.388342447
613669.971412828
613655.794606907
613637.338096091
613622.312727501
613606.256692705
613590.728450112
613580.032029369
613561.446302247
613556.00677236
613534.523562444
613534.265272573
613522.658729564
613512.476946924
613502.520956258
613491.766765555
613487.164455478
613473.770462705
613474.577048485
613458.671999173
613464.86299309
613446.659288563
613458.113307199
613458.003165763
613454.202581816
613457.602074153
613452.363257022
613458.708856725
613452.165844471
613463.013817602
613455.564895359
613470.49141704
613462.601736578
613481.094726733
613487.983018561
613496.092934714
613503.499119945
613514.020483826
613521.810116994
613533.35501075
613543.078246741
613556.009719754
613567.220088858
613581.892621521
613594.163439935
613610.913973509
613623.853018398
613642.994142111
613656.254893136
613678.069873204
613691.357879796
613716.098165513
613729.172402121
613757.05791237
613769.727757421
613800.950348566
613813.067924474
613847.796602745
613859.244668949
613897.632079137
613908.309700385
613950.500885236
613960.308351897
614006.448697208
614036.985786956
614063.795327011
614098.784528071
614167.081059235
614189.961676163
614235.578921602
614251.147228262
614292.898965235
614306.159245332
614353.608519848
614418.336082872
614455.409167292
614487.034688397
614501.169403986
614545.185998325
614585.63901169
614656.807553678
614721.563852627
614737.273585401
614788.768825353
614780.690761735
614834.76308132
614870.370817401
614931.689355993
614988.313900411
614992.674847936
615040.348064983
615066.320956768
615113.715627387
615153.444659733
615179.300063274
615212.055274689
615234.952305879
615221.30278665
615244.009404711
615251.193392821
615259.143640423
615273.374812985
615281.32085209
615285.30935186
615276.813472248
615267.614754689
615246.682936135
615227.469904155
615196.619827178
615186.407990201
615176.167887508
615166.657319753
615153.869114854
615132.506459264
615102.548980868
615092.585839811
615086.249450076
615075.875113497
615066.788673009
615047.182790209
615015.834988478
615006.697125594
614997.656193806
614987.68622454
614973.815609224
614950.983641969
614921.844756076
614909.501388311
614898.278211262
614884.130034359
614866.427657481
614833.138090749
614826.367231555
614812.888442584
614805.265307324
614785.987637669
614766.40452876
614735.395650513
614724.578903254
614711.146652988
614700.117599932
614682.307586659
614658.430453804
614629.308877172
614616.102948605
614607.555136348
614593.445706431
614576.791149943
614566.108086018
614555.367518386
614539.039525156
614521.806351269
614489.492238809
614481.625688179
614453.489501383
614460.856594084
614456.284267037
614458.150891423
614453.501736545
614438.831603692
614420.396871941
614406.63293316
614391.337836441
614368.861537581
614345.55406106
614318.530727654
614300.901573455
614278.979401362
614272.949706998
614263.202321866
614247.119266287
614231.003196517
614201.645856789
614189.233703201
614168.277397141
614165.993460539
614162.216429066
614148.991375928
614136.586810993
614121.869355634
614106.521686892
614097.15960594
614079.057065448
614074.939521949
614069.643762521
614054.182881885
614042.680776482
614025.471843457
614013.010537574
614000.918989165
613987.15457866
613980.049048683
613965.368166136
613963.011782558
613947.81199497
613949.864524818
613934.542882728
613940.572078025
613925.513718737
613935.01403973
613931.350224789
613932.445987369
613928.738598165
613933.079860361
613931.758714585
613937.080052478
613937.740330396
613944.156677178
613946.397925861
613954.038763398
613957.478197208
613966.49896361
613970.782077978
613981.371865023
613986.179808084
613998.566210613
614003.62054169
614018.071146007
614023.134326154
614039.954097308
614044.826241798
614064.351565148
614068.863977383
614091.453778071
614095.459011282
614121.48346155
614124.844059973
614154.672866484
614157.24923289
614191.239658708
614192.878056605
614231.36424071
614256.365181099
614275.048961958
614305.309963907
614321.037482308
614354.897722458
614412.610427937
614426.965220971
614470.50566894
614474.324738232
614517.692833843
614518.436153508
614568.372295561
614600.80002704
614619.006283955
614661.56917646
614670.487354036
614720.046777177
614781.112136179
614846.158657415
614909.470955414
614948.766329529
614956.572034656
614993.086425164
614982.023373037
615026.400616908
615052.305686656
615101.051804581
615141.858943866
615138.705170847
615174.721713822
615192.610476401
615226.717236749
615242.42509454
615270.531128313
615286.788598272
615273.160428805
615288.437160114
615291.248274788
615302.377961344
615301.009680045
615304.997307735
615299.147844453
615286.10002301
615270.118614744
615245.468506716
615215.147989363
615205.153571488
615195.557444811
615188.485311736
615174.971331233
615158.368873348
615133.25969042
615104.339403693
615090.907162939
615081.920598307
615068.376818775
615054.534963841
615028.885877342
615000.985044916
614986.594510552
614976.46232489
614961.224747238
614944.060965201
614910.07290414
614902.694691486
614889.628500392
614879.598177355
614861.589880372
614837.295987279
614808.155154768
614793.324679674
614780.569982002
614763.255136459
614743.861211808
614709.771168242
614702.438942307
614689.81733628
614678.846792619
614660.85889243
614637.844859604
614607.376082052
614595.034599874
614585.480234941
614572.297753197
614559.989821786
614538.639501351
614506.164980378
614497.910679226
614486.332868495
614481.237161852
614464.454710462
614450.797406475
614426.748499285
614410.40552799
614388.736448212
614363.366007063
614350.387611348
614333.306609125
614307.60040129
614292.464293131
614270.609796473
614248.862660421
614219.957025754
614204.886265866
614182.456221217
614178.435237125
614155.62221733
614156.973684108
614146.053351033
614142.885273036
614127.305948949
614115.30798431
614095.221916573
614086.895962838
614064.112752706
614060.035537917
614034.738794024
614034.874077803
614022.111304807
614009.616923882
613998.739145981
613985.376335623
613979.126826128
613963.728500761
613962.292342198
613945.065136554
613948.548298195
613929.776133823
613938.176408436
613933.651101714
613929.664121466
613927.786592778
613924.078857735
613926.872122676
613922.712762769
613929.868515997
613925.642410073
613936.705411042
613932.844341012
613947.233870671
613944.199823786
613961.241984862
613959.5090134
613978.476876495
613986.481592755
614001.201822598
614006.445957527
614027.185105893
614030.771906365
614053.911299356
614057.520421712
614083.244336243
614086.512134446
614114.991634173
614117.635895167
614149.034758346
614166.161121969
614183.984027379
614202.697043338
614220.27451757
614242.65842506
614258.778133123
614285.170243598
614299.687435961
614330.399028023
614343.223871244
614378.533747436
614389.614203661
614429.766155709
614439.06750976
614484.269415694
614491.751431881
614542.177393246
614547.773332703
614603.56934945
614642.8524785
614667.8490864
614716.365452888
614733.924161309
614786.563836564
614801.186431716
614860.067585869
614934.716796273
614983.714180955
615018.130066907
615067.071550787
615081.4611948
615137.73664918
615209.163504256
615283.619293338
615356.271109358
615404.786310539
615416.603406686
615462.189066555
615508.323503814
615546.660656074
615600.076865886
615640.865483746
615635.456273513
615673.764334916
615693.863653441
615717.733260817
615751.318760123
615777.462954445
615800.888746119
615783.300046504
615805.487399112
615812.5612087
615822.076835781
615834.479261172
615840.704527613
615839.208843934
615833.63471801
615820.22376706
615802.729910175
615780.342258302
615747.592432393
615739.187386656
615726.130961476
615719.66418644
615701.846884026
615684.797456671
615651.497056018
615643.807654528
615631.037986129
615623.851962853
615606.715396346
615587.039710595
615553.789864485
615545.156066771
615530.232974393
615520.558251157
615498.726806796
615476.513606337
615446.6194596
615432.266780106
615416.312478748
615400.509750988
615377.413730371
615346.412367464
615335.45023524
615320.681278544
615310.220978333
615287.782092851
615266.663971178
615236.949547559
615223.154657946
615210.775025674
615195.987845151
615179.404938263
615151.57476935
615125.372198326
615113.560216885
615100.933202683
615090.918504892
615071.634222196
615052.810509779
615021.566696598
615010.923778536
615001.112768455
614989.033651377
614971.220663423
614961.048943878
614949.795459338
614931.827590723
614913.837926078
614883.714193962
614871.481924657
614848.016421858
614847.577768916
614823.28858759
614829.107498905
614821.538951394
614809.438637739
614805.863260133
614789.837686608
614791.099986944
614771.996178909
614777.711470227
614772.56603861
614765.664996826
614762.067317346
614754.107345498
614752.789782059
614742.597593518
614745.587569549
614733.354826285
614740.773515853
614726.718496276
614738.681609383
614737.85530483
614737.736100028
614739.25347014
614739.047876063
614745.508715901
614744.082363393
614755.512788164
614753.090880372
614769.368063705
614766.240567002
614787.086956139
614783.607088298
614808.597813477
614819.779541985
614832.856188223
614845.599064087
614860.3420613
614875.99542288
614891.529996995
614909.508680313
614926.174533458
614945.851787378
614964.012683733
614984.75254574
615004.785897601
615025.978516307
615048.265129607
615069.357652867
615094.269725593
615114.790480413
615142.680042516
615162.254601763
615193.444416209
615211.803824144
615246.581947224
615263.56104062
615302.177963496
615317.703804896
615360.37155388
615374.442521577
615421.337126434
615433.99744291
615485.266302047
615496.577271894
615552.346801405
615590.724817504
615620.821207446
615666.146429441
615691.453915931
615741.899296693
615765.376796743
615821.220001464
615842.55049671
615904.044776523
615922.864321165
615990.236549938
616006.143442266
616079.594008757
616092.160032907
616171.864414009
616229.37885874
616331.401105433
616425.273648826
616520.935270586
616544.494352362
616614.588369031
616660.405525523
616737.793568414
616808.907330067
616876.415459579
616921.084975658
616930.773427097
616973.614277879
617016.478700264
617053.035348354
617103.080554159
617142.597670645
617178.431426368
617201.487918119
617224.937601736
617235.561288261
617250.080188959
617256.855333737
617255.800369578
617254.252896971
617241.724265006
617231.323364549
617212.363878423
617178.798568071
617173.831212115
617164.792191074
617163.117957134
617151.539897135
617140.358448414
617119.712033695
617088.321501584
617079.004955341
617069.451480899
617060.254145207
617045.456331887
617023.775868516
616993.373693906
616982.215941406
616969.167501999
616955.698187794
616935.304926476
616904.441746845
616894.24312523
616880.524673779
616868.392415319
616846.612451944
616817.764267943
616805.157725082
616795.88418388
616780.419097224
616766.072505784
616741.191653344
616711.941450969
616698.707927228
616685.074872031
616673.332614043
616652.119344382
616630.829604636
616600.373923484
616588.887210518
616577.533607353
616566.788205864
616553.141794188
616530.285987188
616501.509794676
616489.736777894
616486.481092603
616481.928190526
616470.053914385
616454.276449327
616425.52222774
616414.28698558
616394.739577867
616374.832236939
616344.233352374
616333.222761418
616306.888572533
616308.94223076
616299.371811051
616295.692523085
616283.449238252
616263.137053166
616232.466875044
616208.212854051
616202.908727998
616194.775425002
616194.461064736
616185.334682004
616165.473046994
616151.123709317
616122.763334956
616114.360687796
616094.530532964
616077.440627216
616049.771432599
616035.506521399
616019.198329426
616013.762620336
615999.748876143
615999.614774321
616001.944472098
615990.70326854
615985.33401688
615972.728431987
615965.654669788
615958.664835732
615950.345856461
615948.834673013
615939.517251316
615943.164868894
615933.152037014
615941.466176897
615931.111986077
615943.452690278
615933.151558546
615948.768670945
615950.616800306
615956.647991571
615958.229588097
615967.219345194
615970.37793031
615980.521387395
615984.660406763
615996.236712308
616000.821170528
616014.122060978
616018.702023649
616034.027732031
616038.252786226
616055.907269303
616059.532798757
616079.819505188
616082.702342644
616105.918063562
616108.002559691
616134.433566843
616135.731875337
616165.650706931
616166.215771351
616199.878341132
616218.646845828
616235.887712019
616258.176709812
616274.42273258
616301.348200523
616316.530990932
616348.435635474
616362.315404527
616399.484850308
616411.779866941
616454.439647693
616464.82784698
616513.144040384
616575.952870778
616613.590102791
616643.208144582
616679.984986341
616693.871376377
616737.029389945
616798.4679884
616860.964764539
616920.519672549
616970.90841071
617000.104738183
617002.718601737
617029.679936994
617057.52293672
617076.169048901
617106.808116177
617099.618696714
617119.533542321
617099.389121031
617127.179569743
617139.033004752
617164.962334748
617172.950086813
617171.81435128
617182.35959118
617198.158370307
617212.604053712
617216.738314669
617222.139845505
617212.296100063
617199.056315169
617192.422659633
617186.837259481
617174.560685321
617162.695065411
617141.562742933
617110.026034404
617101.095393335
617090.482807674
617083.121057576
617067.402870769
617049.382679346
617015.106812766
617009.547095582
616995.716845594
616990.299228919
616974.270353526
616953.752899509
616921.156835665
616912.459312676
616899.063890176
616889.184678171
616869.955550494
616847.381801757
616816.339306073
616804.923030084
616789.858067804
616777.824696369
616755.297050854
616726.304013477
616714.453267236
616706.559726696
616693.438818323
616681.618677442
616659.485189854
616628.727743016
616618.199734341
616606.972063261
616597.705452102
616580.514675064
616561.117526685
616526.884162417
616521.119055941
616510.430257012
616500.98394437
616486.715826157
616464.486733091
616435.386023445
616422.968847216
616417.492306394
616397.466346152
616396.442522325
616386.203584958
616379.90636095
616365.576844597
616343.079003521
616314.443682093
616300.360010855
616281.320677038
616279.466074808
616277.546559216
616266.502100676
616259.145407026
616238.888064766
616224.671092342
616198.06327902
616190.990596847
616173.513793048
616158.970324404
616136.989035964
616118.153005502
616091.301895301
616079.546743754
616059.437453159
616037.257999207
616008.963620078
615992.954477036
615976.596452597
615971.050770947
615956.466841949
615956.512094181
615939.740249371
615945.031662102
615926.341957944
615936.468193842
615933.007945118
615928.935337213
615928.013630368
615923.189078216
615926.231104769
615920.24600821
615926.90775211
615920.009983553
615929.930275913
615922.418448407
615935.22932159
615927.448754275
615942.786807323
615944.813160206
615952.141401565
615953.201921144
615963.769049585
615966.863903711
615978.189827412
615983.185667747
615995.563958766
616002.314921125
616016.065686493
616024.403539347
616039.866939997
616049.593117245
616067.120936856
616078.002074841
616097.949092922
616109.715724863
616132.430212818
616144.777686472
616170.591863558
616183.183814589
616212.406106225
616224.882415695
616257.79370464
616269.780050643
616306.630060009
616317.745883215
616358.751748951
616368.620451041
616413.969921658
616422.228439555
616472.084584554
616505.251291907
616530.651939081
616570.10110437
616590.188932454
616634.82122645
616651.81357371
616701.908889706
616715.438337335
616771.242661879
616781.01737825
616842.739908349
616913.764006994
616965.141883571
616994.498833596
617045.387308408
617054.312517853
617112.050071132
617179.193745691
617227.684000397
617254.263108035
617303.30605051
617309.618922719
617366.64804388
617430.667976941
617479.628879644
617554.15230117
617564.395305902
617618.152212895
617611.069021279
617669.366292832
617708.967692266
617775.298386121
617835.60946787
617839.096925231
617892.435062067
617923.934910837
617976.721880911
618010.203398117
618057.217458518
618091.794062983
618120.837241549
618139.918458744
618156.317917671
618162.652737545
618169.526857827
618163.666102341
618160.965735131
618148.367108631
618130.552009442
618107.566672359
618075.691504787
618066.36708427
618055.048371775
618047.60708607
618032.544087775
618014.620722166
617980.121379228
617974.684814592
617963.998106807
617958.821877444
617945.459911967
617928.082615375
617903.027165403
617873.505211643
617860.191460795
617846.685391954
617832.927981673
617811.47203495
617781.139960377
617769.48764922
617759.205429294
617744.938388552
617729.359083694
617703.348873295
617674.84100826
617658.851093316
617645.066751057
617628.86409148
617605.587043264
617576.313946866
617562.46822514
617552.899006043
617536.553908163
617522.801207075
617498.883547359
617466.986259435
617455.56099525
617440.497202098
617430.568992386
617412.919849605
617382.256618587
617368.424944925
617348.156867471
617322.070715674
617295.316989412
617286.650828619
617260.06272382
617263.222270504
617255.550327842
617245.163074497
617240.442855073
617230.994457991
617215.032686243
617197.853333127
617174.338450786
617162.538857516
617145.454965682
617123.41991583
617099.083593738
617072.506348797
617053.283160752
617032.893607875
617023.874833025
617014.32281145
616993.691637886
616979.564423512
616956.763278053
616942.042968865
616923.811073341
616906.834139254
616892.988775414
616874.070817239
616864.421460256
616843.925479966
616838.268678969
616816.596037629
616814.712944861
616808.469814534
616793.520398628
616781.958377155
616763.734738282
616752.611734029
616737.903909466
616727.032184393
616715.736767304
616705.42473183
616697.36448331
616687.912801371
616682.831153515
616674.529298432
616672.092953932
616665.21744621
616665.025520629
616659.838724357
616661.437433859
616658.186953424
616661.087631302
616660.007048053
616663.707831894
616665.019199804
616669.027018039
616672.943128844
616676.793426548
616683.521353234
616686.796620031
616696.542641802
616698.884902052
616711.856487036
616712.972717426
616729.381602106
616729.045264552
616749.110266002
616747.155649219
616771.103901836
616767.415283319
616795.482971998
616811.047543075
616849.84884768
616858.970053603
616878.878297909
616880.86188381
616900.180547803
616899.758159394
616924.916982208
616959.735988675
616974.663660923
616987.445392995
617002.126104639
617004.843853071
617026.706323792
617061.972823759
617096.262670111
617094.06594117
617121.588891511
617133.728261944
617132.327028329
617154.015509987
617179.419174744
617191.362085233
617194.387704806
617207.724050478
617199.032406685
617220.996048526
617243.107580638
617257.374801658
617280.370672755
617291.817914618
617274.284738929
617285.259348895
617283.833701888
617280.562214755
617281.447989215
617274.038174512
617260.150269203
617237.693833612
617207.207274627
617195.395390274
617186.469218047
617173.355426357
617161.314253508
617139.542091998
617107.998065036
617098.297086234
617087.312749623
617079.051049827
617063.056027907
617044.253285088
617010.044874918
617003.974448887
616990.784240377
616985.394435816
616969.930850602
616950.796460784
616916.504084016
616909.96442856
616897.182500318
616890.077680996
616872.985568109
616853.635306997
616820.286013121
616812.381771319
616798.512665782
616790.234332249
616770.654123943
616750.511569241
616719.060428956
616708.119450108
616693.882824647
616682.646040319
616663.447155371
616630.728359745
616624.233100799
616612.67598455
616607.23386064
616590.392490634
616574.579571493
616542.623473999
616533.895719898
616524.420261795
616513.860118593
616502.567488845
616482.24077195
616449.950137384
616424.206239927
616423.331009684
616421.522725254
616427.041939966
616424.523875535
616413.277939423
616400.341720035
616375.111426769
616361.059880208
616340.484114423
616319.993762734
616290.159354556
616277.579425393
616253.084666202
616253.383042903
616227.257551053
616234.827421168
616228.744956974
616229.408160037
616211.156027665
616207.660425301
616194.362199091
616181.069768205
616170.083275928
616165.566211094
616146.781509061
616137.878044355
616112.326444458
616109.66737354
616095.267350167
616081.815382622
616069.373511755
616055.59940733
616048.140332563
616032.631013339
616029.917698982
616013.035209376
616014.778393663
615996.898526701
616002.76258958
615996.002137948
615992.657486212
615986.570544102
615985.12719732
615982.520920949
615980.958319953
615981.573997161
615980.092868464
615983.63837842
615982.458410738
615988.612007481
615987.975430052
615996.393064496
615996.565738918
616006.889657742
616008.160491525
616020.029754411
616022.708044926
616035.767507497
616040.176509876
616054.084958544
616060.556123839
616074.994185892
616083.859974925
616098.533958779
616110.119427982
616124.763009029
616139.379231301
616153.753978307
616171.693950024
616185.586868366
616207.12067406
616220.337064838
616245.70886045
616258.06554823
616287.494413484
616298.81182531
616332.493551105
616342.586936275
616380.698010811
616389.370161981
616432.073880138
616439.108540346
616486.560570424
616519.637326664
616543.686313674
616582.972238359
616602.149324233
616644.993955475
616661.179447144
616709.809601277
616777.655453762
616794.285644684
616852.458800605
616853.346504876
616912.048318669
616951.081106052
617023.033634354
617088.244499187
617102.925713215
617155.414035648
617145.206734698
617200.797697859
617237.118519107
617297.823212165
617353.721929039
617405.036452647
617438.247924902
617437.658532615
617471.451445647
617498.39668895
617525.729408325
617557.652142907
617571.69533272
617569.243785009
617586.602049833
617604.646667535
617616.590507359
617635.323294127
617645.056505232
617646.544316646
617645.077456804
617633.52865699
617622.299653637
617603.373813957
617568.582613121
617564.067116161
617554.0157675
617549.701670428
617535.732014034
617521.822123334
617498.095786456
617468.755473425
617455.856938921
617445.809985301
617432.829764838
617416.560284011
617391.231526797
617363.367748737
617348.924951255
617337.049827077
617321.049276031
617301.751857323
617269.370154145
617261.062521332
617246.513116072
617237.184718921
617215.514442534
617193.855048556
617164.624797781
617150.920903808
617136.162483743
617121.480776184
617100.206336441
617068.807157223
617060.289684788
617047.121543782
617039.880690811
617020.377599116
617003.103752586
616972.564198247
616962.439872253
616953.088667961
616941.951553868
616923.298102848
616915.12594587
616903.430341574
616888.979532393
616871.051867241
616836.289638504
616816.973133111
616813.646688843
616817.525670739
616819.081055307
616820.650917939
616806.84652704
616798.843047312
616779.241310313
616763.738832199
616746.186601702
616721.694084065
616695.565608413
616678.130074662
616662.799584434
616656.424971327
616641.007055115
616640.705737059
616639.55519809
616628.407906083
616617.607132333
616604.958480387
616590.651508069
616583.279432467
616566.083955384
616563.806074232
616544.089385796
616546.716897723
616539.386175155
616532.088672263
616526.142203505
616519.157845709
616516.00165602
616507.490396238
616508.945220984
616499.156173514
616505.080265827
616494.285865108
616504.471771875
616492.96676688
616507.13906973
616508.155510286
616511.918395711
616513.978236964
616519.397277453
616524.832388584
616530.283857739
616538.795907859
616544.495975989
616555.72983516
616561.936898708
616575.488609429
616582.500760313
616597.932664475
616606.085200493
616622.944155613
616632.601566289
616650.436303184
616661.98124779
616680.358889769
616694.179659561
616712.700916668
616729.179819992
616747.490920519
616766.991894242
616784.79077781
616807.649693667
616824.689622
616851.207523793
616867.292913511
616897.729420338
616912.706901266
616947.280058049
616961.028546861
616999.918197788
617012.334351143
617055.687363673
617066.669744793
617114.608517264
617124.041773201
617176.674001778
617214.189204273
617241.5979501
617285.882196106
617308.095981859
617355.757563296
617375.34386974
617428.580145732
617445.102336344
617504.189174471
617517.213080717
617582.404501174
617659.025411266
617714.110900018
617747.377480178
617802.254898407
617813.878217402
617875.971388254
617948.19833026
618025.52617291
618100.05362213
618153.144154551
618163.35219077
618214.380830543
618261.460977879
618305.146118764
618360.958861962
618405.062415485
618436.355519731
618473.639782193
618501.664494262
618518.188965235
618538.835383108
618549.066973925
618551.824229807
618536.036998861
618542.845056726
618542.694946516
618545.143251794
618543.68426293
618534.473881667
618524.927587314
618504.10014921
618486.030420903
618455.151151049
618445.654072789
618435.847906218
618426.720271916
618413.71500357
618392.212951364
618362.684646338
618352.103095264
618343.462537682
618331.528456199
618317.462128607
618292.210968569
618265.201218512
618250.334040744
618238.326709557
618221.519368046
618200.355672799
618170.211922981
618158.184168718
618144.599156996
618129.363784677
618108.569059779
618077.316706243
618067.896654553
618053.13018316
618043.357249504
618021.049956156
617999.925203827
617970.753836722
617957.54817074
617944.825852193
617931.478013079
617914.053417232
617879.665300422
617876.253153136
617864.798512221
617864.128277686
617854.239176809
617838.632589412
617818.795487619
617785.366770364
617763.216191877
617761.870198859
617764.087182281
617768.668739408
617769.383653309
617759.454186438
617743.799096963
617735.051145773
617726.125668636
617708.602330968
617692.664049711
617663.817207208
617651.333894149
617630.87527665
617628.786112377
617608.157140257
617611.645663813
617602.924788788
617593.235156119
617586.597332531
617574.733837656
617572.786905949
617557.775096115
617560.370181804
617542.433604969
617549.499129398
617543.831781816
617538.195255564
617534.490927753
617527.639257376
617528.780116445
617519.49709896
617525.675399512
617514.1360393
617525.478210173
617511.922983485
617528.457068005
617533.308335613
617534.683163075
617543.192491554
617543.415931811
617555.082902146
617554.225261532
617570.671178157
617569.076068136
617589.889530335
617587.959267108
617612.596693995
617623.63919865
617637.868652392
617649.537946493
617666.11076937
617680.210100715
617697.683777318
617713.628747815
617732.335999564
617749.538397782
617769.822934738
617787.720306902
617809.927958193
617828.009662373
617852.479931662
617870.308798365
617897.368251706
617914.595759309
617944.551542784
617960.922146822
617994.054955991
618009.402018113
618045.964287964
618060.200259019
618100.41615776
618113.514323738
618157.581847391
618169.553293044
618217.648076008
618228.514955021
618280.796277342
618316.262352034
618345.397268333
618386.751724547
618412.136739162
618458.382639616
618482.058557133
618533.500680761
618555.131872423
618612.043645607
618631.259420892
618693.87881174
618710.281789479
618778.810081744
618791.987317287
618866.591854157
618876.127120681
618956.94602992
619016.241929735
619116.569167587
619210.379908973
619304.46488437
619324.59253864
619395.643275864
619440.844294626
619515.696988584
619584.171658072
619647.971663258
619691.599188555
619697.705418275
619740.278815882
619779.3683584
619815.45228581
619861.60598339
619898.071655896
619922.318449644
619918.99197491
619945.171797576
619965.86811788
619987.140331726
620011.263523796
620020.461431694
620036.498602934
620020.836074147
620033.497186063
620035.116458754
620044.243310596
620040.971007624
620042.364209371
620033.401655613
620017.721578249
619998.263193967
619964.882676334
619958.367630068
619945.463555119
619939.433019906
619921.460241959
619903.421146107
619871.299285302
619862.311023012
619847.835272525
619838.701459529
619817.8068039
619795.518501662
619763.953201184
619752.430428862
619736.89762145
619721.671121935
619696.618471878
619668.525998499
619654.864625176
619642.683569388
619628.607188056
619608.370222832
619577.555392343
619567.28814837
619558.286850768
619546.109098752
619533.814021403
619511.862693361
619480.829372949
619470.862479724
619459.565673234
619451.604251548
619434.313308114
619416.845113053
619384.80526487
619376.314416623
619366.654122344
619357.482228237
619346.532305859
619323.66523923
619303.642123587
619275.035277878
619260.715529504
619250.969950778
619233.777819623
619220.362450116
619196.892033397
619167.860829961
619153.920505689
619140.21483399
619123.401437063
619105.165137247
619075.66335836
619062.888826166
619040.117475002
619038.236813049
619015.09046327
619018.568046317
619009.070534411
618997.867693105
618990.790031006
618977.26968499
618974.568841369
618958.311924727
618959.787207139
618941.070280058
618946.597165658
618941.285737975
618935.309234107
618931.233565822
618925.027422326
618923.285661864
618915.26540045
618917.986997844
618908.33039761
618915.634802191
618904.568785216
618916.493151019
618904.295863319
618920.771146638
618923.669254917
618927.112223818
618932.515931232
618936.379203779
618945.972349713
618949.607573406
618963.064805365
618966.775085825
618983.641666593
618987.777746522
619007.492680007
619012.445226733
619034.370850019
619040.555909258
619064.012074583
619071.855770327
619096.159340622
619107.813891673
619131.367663797
619138.236669406
619169.391749688
619175.959885257
619209.725756276
619215.711070044
619252.264653246
619273.954994648
619295.667969538
619319.222919528
619340.346824247
619367.478753992
619387.135098182
619418.190316562
619436.209620911
619471.505743473
619487.774550885
619527.592379481
619542.036129945
619586.615788882
619599.180453011
619648.721721981
619659.353348935
619714.019054335
619722.644051021
619782.566886969
619823.71247595
619851.902310862
619902.386480245
619922.777413608
619979.111131155
619996.450003635
620058.882422471
620138.518556584
620190.76011014
620228.566069931
620247.622125868
620303.802543377
620356.465072962
620443.4648243
620522.248419905
620601.055619036
620652.075335928
620668.773600474
620715.896744411
620766.140313368
620805.683300051
620863.329344482
620907.440888725
620905.537254094
620945.508385646
620967.034225472
621005.565417925
621026.829574484
621059.575548601
621080.875411917
621096.511901826
621103.958466693
621108.009740891
621103.681460012
621099.420110149
621083.183615182
621070.570591707
621048.604058196
621014.346308558
621007.344153258
620996.103271132
620990.139598944
620974.174774534
620959.289495546
620934.608764712
620904.7597927
620891.560852581
620879.961443588
620866.893845097
620848.453547666
620822.904617354
620794.013243671
620779.141429526
620764.8552876
620747.829208029
620724.958447344
620694.409449767
620682.092756563
620666.260675265
620652.25564636
620627.04199589
620599.83116779
620583.745671501
620573.888244493
620558.893154055
620537.646092676
620506.327946322
620495.301927679
620484.538449214
620471.158391776
620456.489389686
620432.513250634
620402.107326157
620390.111295941
620378.105156607
620368.519825024
620349.892663281
620331.2625372
620299.326255344
620289.93432631
620261.693451094
620268.251636558
620263.388148211
620264.370479701
620251.744613076
620245.133751759
620229.393731179
620202.657603073
620187.931366128
620165.845272077
620142.147719042
620112.642503684
620098.112407742
620071.689511196
620070.227460456
620057.624259021
620050.317767327
620034.576443304
620010.986820909
619979.926205817
619965.338997327
619946.115538095
619930.626810275
619913.253297831
619902.719125528
619881.914370738
619864.817772486
619839.249008596
619827.485793928
619799.748458209
619792.39534674
619773.416688094
619757.997662645
619739.571593586
619725.384286527
619711.496885467
619695.955189377
619686.6536932
619669.93583676
619665.191974928
619647.498556847
619647.192023206
619628.752324973
619632.662537564
619624.341737006
619620.288115461
619612.363104791
619610.652614736
619606.307158016
619604.483598912
619603.348757269
619601.640668407
619603.263275712
619601.95914718
619605.820697658
619605.265274426
619610.807719445
619611.393355462
619618.047596687
619620.202139037
619627.416697877
619631.585997489
619638.85075479
619645.479839291
619652.348028865
619661.865156166
619667.969125153
619680.769634064
619685.827529767
619702.260828312
619706.076265052
619726.437585055
619728.890804288
619753.41673228
619754.449376622
619783.320520998
619782.916760504
619816.264866228
619834.809208919
619850.40154203
619873.096056517
619886.474045275
619914.161045107
619925.61284467
619958.49254973
619967.771238999
620006.010527254
620012.846032495
620056.583944901
620060.682742942
620110.038458612
620166.819038816
620205.352458336
620227.540745244
620265.174952749
620270.644410479
620314.729504482
620368.174824951
620402.534708168
620422.283875611
620456.876511221
620459.495593911
620501.848481416
620550.445861007
620584.507004735
620638.956839405
620641.0440222
620678.439933323
620711.045642912
620738.1668385
620774.895386623
620801.511456333
620820.523051087
620832.889677301
620839.85178553
620838.605841805
620837.0795549
620823.336038368
620813.575249073
620794.533397451
620759.619689233
620754.801035258
620744.425148957
620742.341290588
620732.748173573
620717.899718693
620698.025849901
620664.451286761
620658.529267954
620646.835942483
620642.432690324
620626.40784946
620610.747793751
620577.438200703
620570.337545901
620557.6601944
620549.849758404
620532.136988132
620510.667674609
620479.160770482
620467.936666772
620452.106416706
620438.863520383
620414.279114038
620386.661629639
620371.462653508
620361.323306388
620346.307600404
620325.832559206
620293.610229354
620283.753588029
620271.874966927
620259.661769561
620243.574528345
620217.715246338
620190.217437668
620174.748421462
620167.383862196
620156.413609522
620139.042715931
620117.845047651
620084.285312045
620077.615885807
620063.464986422
620059.883674109
620046.796335411
620026.677354746
620004.024191275
619973.059949281
619961.272173252
619932.084973918
619936.110839204
619928.312048304
619924.805638295
619907.84056924
619895.689773684
619873.96689974
619855.102699225
619827.802500566
619816.479750461
619795.61229381
619775.665224215
619747.398257987
619732.193799072
619711.531946694
619706.109403189
619699.305922247
619682.21058018
619668.399679383
619649.153290077
619633.27365001
619618.740718008
619600.019679972
619590.165795302
619579.648177955
619557.861215264
619543.8624022
619520.095785223
619506.303152057
619487.709269475
619476.541901173
619456.203956054
619439.087228319
619415.297155052
619404.330703214
619379.469405561
619373.814317604
619357.329106382
619345.963502508
619330.148639957
619321.59894914
619310.408069511
619301.662290432
619294.610998698
619285.891142269
619282.37168775
619273.925798374
619273.241538297
619265.344561074
619266.752240694
619259.704418654
619262.459106191
619256.581813112
619259.981003095
619255.610770512
619259.033440339
619256.514077525
619259.450987598
619259.125515291
619261.199440827
619263.402102667
619264.374802987
619269.422879178
619269.189199116
619277.377585974
619275.948966663
619287.546465255
619285.023025128
619300.270077249
619296.805486967
619315.915080225
619311.677612667
619334.838181018
619329.971022206
619357.351202189
619370.243379806
619382.071804032
619398.550100291
619409.631031705
619431.038562598
619440.915744568
619467.551098256
619475.787200346
619507.91432747
619556.713716314
619564.867508616
619604.47563806
619600.406718474
619641.514861828
619665.84203675
619717.109392773
619760.227647009
619767.196091127
619798.490574799
619785.326979573
619821.128433582
619839.81268678
619878.034584737
619909.388801506
619934.082514571
619946.415654803
619935.675858576
619947.443282686
619953.898103687
619958.631056457
619963.825349423
619954.77403837
619942.186598685
619936.119539775
619932.215058025
619920.392727272
619911.299312265
619892.973243851
619866.808299037
619837.642769621
619824.226989432
619815.474062647
619805.566527587
619789.786289424
619769.395950292
619735.939389025
619729.429470459
619715.944862448
619710.9267298
619695.820095917
619675.082539803
619643.163404418
619633.269177914
619621.792945958
619609.745378471
619592.859137587
619566.959435759
619539.147179475
619523.366004863
619510.4649412
619492.763574299
619471.205147689
619439.879493929
619428.372734405
619414.265834529
619400.565355141
619379.984279849
619348.015965852
619339.309102241
619326.485572392
619318.044523873
619299.230423441
619279.861234815
619248.015283
619238.120639499
619225.843026696
619216.201917996
619200.935255999
619178.720280515
619148.478097271
619137.274082665
619130.618617277
619118.733492371
619110.493545282
619092.329370377
619066.111219713
619037.313644328
619023.198799289
619013.580814098
619002.15117851
618984.01664152
618961.65073243
618928.566541923
618912.593387099
618881.962098081
618860.653723969
618859.271385918
618857.740573153
618863.454654308
618852.871026348
618849.44219419
618831.866367958
618817.930671563
618794.862632649
618786.221081987
618771.085154612
618751.176694712
618730.29734037
618708.694491656
618686.389515003
618670.062052027
618644.988932071
618633.971309228
618606.532366013
618600.858084627
618583.78783556
618568.852862979
618553.698516821
618539.186473728
618529.644073965
618513.423981744
618509.510128716
618491.662468732
618493.274033795
618473.893075461
618480.796628094
618475.042146689
618469.939471135
618466.573361525
618461.348875962
618462.502390891
618455.973040709
618461.196288084
618453.537264556
618462.292472071
618453.779079239
618465.469032374
618456.474605815
618470.475781712
618470.905689079
618476.848446413
618475.675007155
618484.971385871
618484.981660926
618495.223902581
618496.096821445
618507.733012537
618509.197347169
618522.69434721
618524.528854897
618540.353243795
618542.382837314
618560.982813438
618563.070355106
618584.857477957
618586.889728647
618612.223736388
618614.097386242
618643.277848191
618644.884807943
618678.146949432
618697.035187777
618715.295609156
618737.489818259
618755.160872211
618782.105952867
618798.502947875
618830.404773721
618845.133704182
618882.132095784
618894.802104849
618936.98125223
618997.307896917
619057.172674641
619071.625493694
619116.583042298
619140.437151942
619153.035927652
619185.020721762
619233.002401546
619239.720430424
619279.319839388
619272.616512351
619314.4835682
619338.905103653
619388.732680658
619431.833168358
619435.347324398
619468.932721674
619483.960325271
619486.030695958
619510.789223554
619542.330133286
619574.735506347
619592.681221536
619590.684844894
619608.337209218
619625.88934425
619636.838252992
619655.137256895
619664.225696202
619665.406188667
619661.526171819
619650.962992861
619634.118136219
619615.111483778
619579.618671107
619575.492039248
619566.066826715
619558.956610271
619547.319639743
619528.277427483
619507.049429131
619473.376972725
619465.582488532
619453.216749445
619442.871433317
619424.630061918
619402.335397458
619371.29035466
619359.504324135
619346.607143865
619333.119465723
619313.649240223
619281.341366738
619272.480380176
619259.888688789
619249.059797565
619230.482265692
619205.916533336
619176.488042481
619161.983849312
619147.829633708
619131.226323633
619109.555200718
619077.617783801
619067.684528938
619053.240174489
619043.45453945
619022.321632673
619001.516287377
618970.517968718
618958.738806145
618945.790649724
618934.240584154
618917.500404931
618893.436118793
618864.072999064
618850.976713915
618843.833357538
618834.58043718
618819.467322987
618794.630497005
618783.283643808
618764.191591179
618746.503550467
618713.083151926
618704.815570003
618678.639226909
618683.730735274
618677.42762376
618678.193533811
618671.986745884
618656.526397279
618634.782699868
618605.070177916
618590.268898656
618580.429507084
618566.860820076
618544.224057582
618517.625423883
618495.946037333
618479.152608484
618459.660129253
618450.229141319
618438.631187987
618418.352714887
618401.330184997
618379.841820695
618361.344820101
618345.681409939
618324.143532026
618314.298845177
618290.054213871
618285.945145077
618270.974227279
618258.468593538
618245.117996574
618233.120489064
618225.23226668
618211.498269415
618208.826114815
618193.642208477
618195.828621095
618179.516228896
618186.104467246
618180.32892514
618178.193174288
618172.878916219
618172.668039745
618170.671618487
618170.224686458
618171.095064855
618170.669827004
618173.939452281
618173.828854071
618179.033846145
618179.562524022
618186.261559975
618187.779431064
618195.570136754
618198.443733391
618206.975096386
618211.577706109
618220.557792033
618227.258738855
618236.455333293
618245.608374399
618254.844742817
618266.779961421
618275.926905543
618290.944047356
618299.905876563
618318.269610425
618326.968638641
618348.908471572
618357.267914434
618382.979752985
618390.906340331
618420.557491446
618427.926112591
618461.661430408
618468.301635878
618506.25179171
618511.939752212
618554.230721066
618580.992669851
618603.478715282
618635.036771996
618654.353114371
618690.9417065
618707.693189125
618749.635735395
618763.261862283
618810.861792981
618820.835548804
618874.371369772
618880.222217607
618939.942860459
619005.277457178
619054.923814451
619078.722631618
619128.183503009
619131.094297599
619187.783056339
619247.503817663
619295.316480554
619364.409879696
619371.008200526
619421.677646455
619465.821927759
619505.252930146
619557.11285235
619598.350880511
619625.027787591
619625.710518128
619652.490003759
619677.659039249
619698.515988972
619727.363071602
619746.01471649
619754.933810147
619744.07215159
619755.577946819
619762.836257921
619769.378571355
619776.252024048
619770.559970032
619768.865888532
619757.452111431
619739.463800135
619718.22673761
619684.572128572
619677.088442564
619663.117872334
619657.037490584
619640.829551993
619620.346273717
619586.919986722
619578.562506882
619565.278774607
619555.77205881
619536.774723369
619514.232995045
619482.714319914
619470.909634341
619454.597636397
619441.300293168
619416.24170453
619388.634331281
619373.168655231
619363.375369201
619348.720426671
619328.463272251
619295.972520489
619286.3085904
619274.44244636
619262.486809011
619246.345978835
619220.757761541
619192.734028536
619177.477993355
619169.168238339
619157.255831369
619139.550781622
619116.726769771
619084.268591183
619075.593722992
619061.505280571
619055.584216882
619040.529525488
619019.293009582
618987.785971187
618977.344687487
618970.571263654
618958.29650826
618950.620322494
618932.875582049
618904.8306514
618888.638290955
618866.215935255
618835.219242042
618823.7456931
618817.101711264
618797.537383288
618793.956623185
618780.343940775
618765.347887457
618754.25559877
618747.038024461
618725.972562486
618715.476098013
618686.705928812
618682.364133885
618665.448310791
618652.016141465
618630.808108934
618611.43294707
618586.126580813
618572.224266943
618544.644021481
618535.615074054
618515.771176307
618499.805405103
618480.747574306
618465.995223889
618452.275314188
618435.777811789
618427.470296704
618409.382022373
618406.420634574
618386.9498761
618389.115961779
618368.530482088
618375.454737626
618369.077666005
618363.856889602
618359.439440762
618354.947094506
618354.159568985
618349.480801901
618351.757955411
618347.218198075
618351.936889883
618347.911789972
618354.425831561
618351.330297678
618359.006528243
618357.280134271
618365.532010335
618365.621785733
618373.937223183
618376.279585665
618384.241345085
618389.245950786
618396.544507365
618404.581993832
618411.017886098
618422.408836771
618427.882416732
618442.890758331
618447.385831009
618466.219916103
618469.780236881
618492.596685108
618495.295588418
618522.207329403
618524.116631611
618555.205924238
618556.365936356
618591.698465447
618613.965979039
618631.993141801
618658.221755406
618674.6453987
618703.673818249
618718.506336857
618752.547402721
618765.310942375
618804.632632506
618814.807283253
618859.669189919
618919.208350644
618953.34987175
618980.17536314
618989.926010576
619030.368965153
619067.132699471
619130.582181979
619185.747248777
619238.093917682
619268.149974449
619272.987348815
619300.391973982
619330.466411069
619350.150062561
619382.965458613
619403.662551131
619392.183811933
619410.994049328
619416.319163203
619432.027921873
619433.175939784
619442.64869012
619443.032282983
619421.246550204
619423.741606026
619416.040895174
619406.914592835
619400.709584973
619388.694942397
619369.359474092
619336.582028944
619328.828569687
619317.197748416
619312.084298234
619295.521259472
619280.380338546
619255.196127201
619225.384151345
619211.69207223
619197.84935494
619184.109010121
619162.098748796
619132.025318227
619120.06422068
619109.143527114
619094.984013085
619077.442908172
619043.789810721
619036.131227588
619022.526954799
619012.206541498
618992.919644546
618968.416348665
618938.906553689
618924.204598937
618910.390141633
618893.583540162
618872.926369373
618839.790708245
618831.59817383
618817.021700791
618809.856254964
618792.971888273
618771.40913469
618738.844439832
618729.54281889
618719.627429886
618710.107435099
618698.264029688
618676.64011599
618655.627549097
618624.550248436
618613.055851002
618601.522081883
618590.183622854
618575.915288136
618551.427429468
618523.566670367
618508.920266911
618503.859911829
618484.862887094
618481.607805697
618470.531463581
618459.537330456
618442.572855803
618415.237637715
618390.187276718
618364.635430295
618358.665183018
618349.993861271
618347.121382037
618336.958034637
618311.94763098
618299.67934908
618277.567981667
618256.831904572
618235.92281276
618217.194418879
618187.134352651
618174.601393395
618151.358466612
618149.539658513
618127.255180536
618130.806985677
618121.951994049
618112.730981175
618106.826403353
618096.430042086
618096.107933976
618083.466283014
618088.707024321
618073.919435402
618084.580653924
618067.819783844
618083.630224005
618087.00334229
618085.745761158
618092.931094025
618089.876889339
618099.440965106
618095.242255429
618108.629850316
618103.647616918
618120.321150637
618114.99469458
618134.368780024
618139.986710842
618150.298193017
618155.111130663
618168.526199667
618174.903092891
618189.423105685
618196.999307895
618213.019564525
618221.463987463
618239.38016653
618248.400752553
618268.596379356
618277.94284382
618300.778247302
618310.239791184
618336.042072925
618345.441305657
618374.497415781
618383.681327804
618416.235726437
618425.066148727
618461.322376768
618469.663646854
618509.787909949
618517.494729162
618561.623409162
618590.093209409
618615.103515209
618647.956731086
618670.632885452
618708.097318772
618729.002799276
618771.338154752
618790.057532146
618837.496148215
618853.62733188
618906.373714227
618977.645044374
619019.34719583
619054.4905624
619068.763748221
619116.058161743
619158.80710552
619234.4615515
619305.078649533
619374.444887341
619383.513252411
619433.151581585
619460.123289345
619511.574250274
619555.309078966
619595.376422646
619617.776842265
619616.233847944
619638.20696525
619623.301760606
619654.704312329
619672.375175357
619706.927418819
619735.871865786
619726.425346088
619752.142393136
619762.78880352
619774.085912329
619795.12557404
619808.575476935
619817.846411967
619797.411114991
619804.600538955
619801.00203382
619795.818902048
619792.674151739
619781.284696705
619762.466770469
619730.701229349
619721.327872645
619713.957866172
619706.420459616
619693.114539578
619673.09401188
619641.202616208
619632.886566843
619621.5828332
619612.587354042
619596.043634571
619574.411944808
619543.212283238
619532.551822657
619519.309626495
619507.413331208
619487.859781825
619456.179269752
619447.904827824
619437.463033548
619428.619037758
619413.333666859
619392.52659879
619360.61308494
619351.84260549
619339.35008486
619330.984900508
619313.011684525
619293.633688369
619259.609015617
619253.128915443
619241.615906102
619232.560223986
619216.439451528
619195.687817061
619164.563964869
619154.441920579
619146.241302995
619134.695300974
619124.332405393
619104.446974789
619071.994143759
619064.857682972
619051.982711799
619046.958349277
619032.627788522
619010.718296649
618981.451001836
618968.308934841
618948.179032566
618947.27848389
618926.024163982
618932.207305862
618926.081186686
618927.962068978
618912.0638151
618907.486142752
618883.612435861
618884.960877553
618874.125764619
618869.448542492
618856.369286768
618833.204279532
618817.497618277
618794.6205534
618775.352002495
618753.320253869
618736.60423047
618706.776530865
618695.328199356
618673.670555921
618673.59066288
618653.157621484
618659.293675979
618653.148299691
618645.930588765
618643.200104026
618634.606387545
618637.329520068
618626.789664543
618634.49865821
618622.320989385
618634.452234923
618621.009175526
618636.933129796
618638.459261226
618640.684658094
618643.560730143
618646.242362082
618651.621624699
618654.238574498
618661.69569407
618664.597408412
618673.748763273
618677.30598279
618687.822086144
618692.417197717
618704.02775785
618710.042696463
618722.536665207
618730.342362199
618743.562791203
618753.508627221
618767.341493547
618779.746990609
618794.107999307
618809.25827103
618824.076293301
618842.219021315
618857.418147822
618878.764342154
618894.247032867
618918.975007877
618934.607740309
618962.869792299
618978.47144579
619010.401563399
619025.736143643
619061.460416804
619076.236250944
619115.883479933
619129.755964648
619173.466269207
619186.044575505
619233.97686835
619244.835176375
619297.173249883
619305.865637186
619362.82209213
619401.448671937
619428.129993222
619474.956601859
619493.660663906
619546.087511124
619618.50907698
619637.101892905
619699.375737758
619701.11836655
619763.7464389
619826.530260431
619879.858058435
619953.485930648
619961.66296229
620017.252227205
620006.355028162
620066.928803732
620106.968604284
620172.241629041
620213.61701352
620230.876764009
620272.745641955
620322.836691048
620375.563268242
620424.03683044
620458.654395264
620495.608303612
620515.589730508
620513.985401583
620537.16936243
620558.930259028
620576.421032054
620600.209471172
620613.748098983
620618.657322288
620623.267055344
620614.779990576
620610.195251821
620596.92592862
620574.186959054
620546.108217122
620536.714149671
620528.588982374
620518.306283921
620508.255712704
620488.180644537
620457.385209642
620448.056912647
620439.90776781
620430.250405408
620417.482488758
620395.178294323
620366.330046578
620354.742471612
620344.955973507
620331.566772507
620315.816233053
620288.725042021
620263.126167555
620246.064685692
620235.82208093
620219.652837966
620198.352643207
620167.315198718
620157.043696628
620144.992010092
620132.668143845
620115.586620647
620081.947525715
620077.596688883
620065.151925719
620061.873423017
620048.736422973
620029.764733891
619998.11936659
619990.121277485
619982.83440949
619973.218752662
619964.53654444
619946.475644008
619913.748062928
619908.604348993
619897.465735664
619894.803715001
619878.112461617
619866.109130968
619843.875840093
619814.822690504
619802.677341132
619790.171756029
619776.053623904
619756.472196942
619742.986276042
619727.927833519
619705.220933138
619682.200890331
619656.461043846
619638.205368285
619618.773134885
619611.391432998
619603.235758887
619585.048438294
619571.027448644
619551.336129226
619535.727015653
619521.26932199
619502.789126925
619493.311726975
619482.770580401
619461.426696562
619447.46048264
619423.956471196
619410.168949724
619391.440936939
619379.246993891
619358.687321239
619340.316744334
619316.294370476
619303.553287077
619278.386262325
619270.201893207
619244.279737428
619240.400895699
619224.413892837
619213.009692753
619197.409504857
619188.710509251
619176.75946313
619168.257811431
619159.601006659
619151.516571309
619145.726671063
619138.294778667
619134.889406484
619128.362651793
619126.826105413
619121.4746003
619121.282081149
619117.391964449
619118.033528784
619115.903499298
619116.906129278
619116.843139406
619117.788783253
619120.102744015
619120.64172986
619125.641435137
619125.499513325
619133.486637455
619132.462613894
619143.725557188
619141.683342751
619156.493482081
619153.34923581
619171.959757608
619167.665469465
619190.310874142
619184.832361817
619211.727107585
619224.104089977
619234.481220987
619250.600977245
619259.280594952
619280.453267826
619287.229885302
619313.774121952
619318.314369985
619350.500819759
619394.717649182
619416.245274671
619435.286244481
619456.110142791
619463.317957379
619490.799071188
619533.378232645
619574.841705825
619577.109912022
619609.847641106
619624.169173835
619625.675299236
619649.428063169
619678.859906091
619694.187279767
619699.397938462
619715.944824157
619708.429871514
619733.579845666
619758.435134327
619775.939492133
619802.31751551
619817.253914425
619801.358961446
619816.068276161
619817.855787632
619818.576283893
619824.306881431
619822.088750831
619813.972229908
619796.461591744
619775.864181064
619743.018702733
619736.711024207
619726.313082928
619717.380490079
619702.885524118
619682.161892707
619652.207701894
619642.527900331
619635.691113432
619625.337264173
619615.731460732
619596.004172321
619565.181044377
619556.453021892
619547.772423823
619538.919224977
619525.443471745
619504.239563226
619474.481787953
619464.28837558
619453.639818474
619442.019850603
619425.536388604
619400.588396508
619373.286138496
619358.65497359
619347.520258941
619331.01397011
619313.011573926
619279.599902888
619273.559498509
619261.927138945
619252.004028992
619234.717529273
619212.30981198
619183.133114374
619171.006889209
619161.582867104
619147.899090185
619134.539691817
619111.744474079
619081.778530423
619071.43305332
619059.339630907
619051.295044087
619032.111413525
619014.672420057
618984.923099585
618974.320435634
618965.524402938
618952.825521174
618941.534554521
618920.776610863
618889.151935689
618879.966846096
618865.570005855
618858.169171512
618842.643579172
618819.181954637
618791.610123827
618771.789387478
618753.728881676
618736.477973666
618726.310845937
618715.528925563
618695.05243691
618679.068583341
618657.539273193
618640.005494514
618624.189494167
618609.443408415
618582.548494598
618566.648516262
618538.246863268
618514.690876568
618498.869866346
618487.641700556
618481.597780204
618486.643484284
618474.75282764
618471.122217273
618454.027821791
618454.07492864
618435.361093077
618439.708987045
618431.642800856
618426.611523266
618419.263585252
618415.626946198
618412.009669019
618407.789302285
618407.664268269
618403.143130636
618406.231633128
618401.716330264
618407.702528066
618403.519116038
618412.057386322
618408.54571984
618419.26983574
618416.776009567
618429.309621856
618428.178123009
618442.146244144
618442.7125418
618457.751788681
618460.334580499
618476.102116907
618480.998959178
618497.181029119
618504.665390245
618520.980493483
618531.298757501
618547.497605742
618560.869180775
618576.732399489
618593.353394875
618608.687593167
618628.735973292
618643.366508804
618667.008242191
618680.770481163
618708.166294007
618720.895257369
618752.206784711
618763.727255389
618799.123609443
618809.241853859
618848.905694347
618857.402986166
618901.534031028
618958.745231951
618990.981172193
619018.194756667
619048.698766036
619062.233085117
619098.416446038
619154.264279526
619209.478347925
619221.862949775
619263.921460285
619255.169328324
619299.587553922
619325.816831945
619376.794168309
619420.102196547
619422.282090737
619458.235835924
619476.458101807
619513.854475235
619543.716715605
619568.701575856
619580.823203432
619594.257683093
619591.696934646
619583.878782581
619584.176321601
619588.342375496
619582.690528935
619583.318489634
619575.124556935
619549.938083242
619544.695844047
619532.568215052
619514.360015401
619499.274099537
619469.798394314
619461.55934968
619452.551617083
619441.753876788
619430.610105916
619410.919082185
619377.87203028
619371.091348967
619358.976745134
619350.259629588
619331.016102363
619310.845154591
619281.033277959
619269.263848428
619254.135972202
619241.297099901
619218.515723965
619190.147004067
619178.046148115
619167.133910042
619153.461828084
619135.788248845
619103.306702089
619096.730404996
619084.682200171
619077.57157536
619060.356683363
619041.580083967
619008.409304406
619002.111484114
618988.245081324
618983.049960714
618967.896280125
618947.798595076
618916.130909313
618908.10043281
618899.716414042
618891.241069162
618881.14568761
618860.168156278
618840.730110348
618811.097325103
618799.837093943
618789.684693889
618777.621367348
618758.35928247
618748.870020378
618735.445025043
618718.884889624
618698.091616122
618665.675467629
618645.806112105
618640.291052458
618640.461479159
618636.584945007
618632.184814767
618619.347547293
618596.110363305
618570.923166231
618554.791043108
618547.476464382
618535.182337577
618514.68421231
618486.818019192
618468.820356893
618450.710593735
618435.258001034
618425.194727684
618416.531169361
618396.141138943
618382.592288604
618361.496211586
618346.696720109
618331.956588904
618321.459827402
618303.791217246
618272.475224247
618263.808293598
618237.664927245
618241.563844406
618233.0417928
618224.431713744
618218.952970546
618209.978499294
618209.512605069
618199.416835322
618203.457705711
618192.493591921
618200.471730488
618188.900318019
618200.213942327
618198.564790197
618201.539609435
618199.248815888
618204.700564822
618204.641387749
618210.053139816
618211.900729386
618217.439603382
618220.914013919
618226.798575087
618231.665889359
618238.168825133
618244.239284319
618251.685892319
618258.806945533
618267.566408585
618275.610991759
618286.084915247
618294.939889764
618307.549099529
618317.102142055
618332.270877964
618342.396388113
618360.535924746
618371.083148137
618392.578097274
618403.361579979
618428.557353639
618439.349795934
618468.54418907
618479.074235693
618512.513897501
618522.467186352
618560.34735958
618569.370614595
618611.839736394
618619.549353292
618666.718263681
618699.700141282
618724.351929912
618763.105175994
618783.168273801
618825.208452391
618842.13963825
618889.611244693
618902.897836888
618956.006031185
618965.213446758
619024.140828817
619028.925261531
619093.836416795
619160.931566691
619215.483799675
619239.057947406
619293.141788093
619295.029686396
619356.032780675
619417.303025036
619469.115624747
619540.703267396
619548.323934723
619602.375414449
619648.804045487
619691.748178697
619746.929310437
619775.494294572
619822.466714666
619822.431775638
619855.472500162
619884.367145586
619909.072498442
619942.60174088
619965.893367756
619979.22398869
619970.92390157
619986.916599716
619998.467637657
620009.773749698
620021.768770031
620021.060459981
620024.367758393
620017.851889918
620005.005688113
619988.410138103
619963.678021175
619936.170357883
619922.956905227
619914.829891511
619901.249825202
619887.94728353
619864.113172125
619836.122200517
619822.222272316
619812.486173476
619797.247992205
619780.349788029
619747.356589225
619741.06677684
619726.721598224
619718.684947371
619699.535982261
619669.66062657
619659.753458746
619650.546445464
619639.244904239
619623.378518229
619599.537738035
619571.040177903
619558.954792531
619545.378906928
619533.451160879
619511.717308702
619483.626478706
619472.396237717
619466.854373461
619459.114222103
619445.664827393
619427.054144054
619394.391062538
619389.961372711
619378.754364007
619377.125463639
619366.414737213
619349.529831697
619325.918143462
619312.634037711
619293.622771
619273.920520536
619243.737545272
619233.371114161
619211.16126012
619214.110749629
619211.761115366
619206.125135985
619199.709508359
619184.116950279
619155.61716923
619141.122756367
619104.500456088
619097.757327662
619095.014251959
619095.550110118
619080.110086818
619074.803034982
619048.894440784
619047.968348968
619034.35339219
619025.166890875
619006.408916719
618990.842626578
618967.345223075
618957.151340809
618930.997872312
618925.796916777
618909.214941088
618894.900564633
618879.819685776
618865.802476013
618856.139742656
618840.258664357
618836.058949643
618818.579290152
618819.743115253
618800.981781866
618807.255283379
618801.074584208
618796.968855852
618792.605337683
618789.674455677
618789.510565422
618786.300023729
618789.807956163
618786.628757121
618793.189877387
618790.389517223
618799.329576409
618797.284225331
618807.913075309
618807.016685297
618818.667314528
618819.31900898
618831.38401329
618833.974674695
618845.93508989
618850.834617965
618862.28161615
618869.8301386
618880.476470852
618890.976625996
618900.655361098
618914.36804
618923.021452891
618940.165652588
618947.823812748
618968.579393846
618975.331625048
618999.84632849
619005.808309668
619034.206751293
619039.485060957
619071.878720331
619076.536378754
619113.034618674
619135.068618763
619156.159552682
619181.531262164
619201.753426632
619231.897477771
619250.618034082
619285.861500965
619302.580522035
619343.236922319
619357.405790713
619403.767045245
619467.401295831
619482.304409467
619537.346114438
619536.768172487
619592.826858505
619629.379701
619696.541928443
619756.767527645
619816.193276685
619818.863871994
619863.33273121
619886.622396265
619928.932002383
619949.708467919
619986.524803725
620010.378697943
620003.192804045
620023.611371359
620030.682438479
620049.240192438
620061.649014711
620063.874307178
620068.054262822
620048.046904503
620050.878180097
620044.946160799
620043.090792237
620030.584454517
620021.379263642
620002.966569817
619969.879933605
619965.368393899
619955.428385567
619952.559755329
619941.664695918
619925.210351245
619902.766001187
619873.380591809
619863.719673876
619850.804501173
619841.227644037
619820.692486363
619793.001228263
619782.503326491
619775.1894931
619764.223238455
619749.094501999
619722.846579667
619698.32481693
619681.916826726
619671.783891851
619655.236989808
619633.896502906
619603.888729735
619593.592195665
619580.461666328
619567.966970857
619548.546320565
619518.046610826
619511.087218383
619499.930226956
619493.954329868
619477.235627024
619460.973365025
619430.138795843
619423.146529111
619414.026972666
619407.497398356
619396.621315407
619377.763529635
619357.66668596
619327.865397676
619318.509070211
619307.868225356
619299.007741834
619285.650731869
619263.616529459
619236.679265195
619224.546439806
619220.46332859
619202.149388112
619201.191943437
619191.036919995
619184.560584762
619169.651123371
619145.966567312
619118.797250154
619102.834074719
619085.55047777
619079.29671416
619076.293688356
619059.272410973
619049.26827132
619030.780750442
619018.23072529
619005.072756152
618996.234099008
618979.298304249
618949.60439246
618940.544428707
618915.128614556
618917.654006889
618907.846602271
618905.920371213
618892.287889878
618882.419059869
618865.089138443
618859.993419558
618840.839616976
618841.203463209
618837.931318265
618827.125227618
618816.782229775
618804.45014063
618792.809945441
618785.829244439
618773.079498479
618771.203870324
618757.545319226
618760.376138679
618746.0534
618753.056948
618738.360094497
618748.896977679
618747.999106022
618748.869605565
618747.912515351
618751.188206906
618750.236323271
618754.043507715
618754.584439979
618759.201548587
618760.725084623
618766.472066301
618768.523591305
618775.755363716
618777.952396906
618787.049032111
618789.090362764
618800.444878237
618802.112405
618816.117649215
618817.269988593
618834.305111683
618834.864775112
618855.284161683
618855.219947164
618879.344347717
618878.649019358
618906.758435163
618921.151809606
618936.1362097
618953.146605301
618968.142944621
618989.984053256
619003.762929648
619030.721580693
619042.985010013
619075.276040408
619085.700296234
619123.469934547
619131.71086529
619175.045791802
619230.497374315
619262.906753746
619288.217114262
619319.527951129
619330.576290478
619368.006478054
619420.864516685
619473.879140352
619522.566494385
619549.766187597
619556.084125546
619578.360880276
619606.48774834
619619.917562949
619648.86691895
619664.930786843
619656.983393271
619668.466567248
619672.61816582
619676.96355514
619680.152067826
619670.62213964
619665.803879938
619646.458718972
619638.333124591
619625.106766161
619612.211555601
619593.811843076
619561.477251549
619558.500832303
619547.193815328
619547.657704428
619539.749179201
619522.455728515
619504.189461671
619473.297075654
619466.1220291
619455.693124686
619446.316764379
619429.824583449
619407.576426968
619380.219324445
619367.858009432
619356.990977227
619342.279375543
619323.78424254
619293.48131683
619285.40546011
619272.070200898
619261.838542273
619241.072218658
619213.648017459
619203.395495601
619194.156413193
619182.530086204
619166.475969728
619139.973404117
619126.922819068
619107.25676571
619077.456810427
619070.131476522
619062.661879196
619054.628050447
619044.315027732
619024.133883563
618996.10951765
618987.539518563
618983.860736308
618979.06278469
618969.674967589
618953.941068423
618933.510374912
618904.493898194
618895.428283374
618888.821431264
618879.159072773
618870.286637043
618852.088849235
618821.414630889
618815.742402053
618805.643560714
618801.891922952
618785.216036841
618771.40045868
618743.284005588
618733.370340395
618712.557466785
618714.144799425
618691.790430336
618699.894713739
618694.558141066
618695.740872126
618679.587428646
618674.918623812
618650.574034156
618651.735573185
618640.300313735
618633.783074807
618616.201690053
618603.745780436
618580.735449137
618574.293647631
618548.291881161
618547.583162531
618534.852156985
618521.315030922
618512.020799302
618496.901921974
618493.976466682
618476.252164216
618479.791731199
618459.567517161
618469.498872252
618466.414177857
618460.449544181
618461.943397266
618453.687098085
618460.951527898
618450.657798352
618463.194649579
618451.137209339
618468.305367733
618471.520881803
618474.50445855
618479.70440592
618482.405398808
618490.610277164
618492.780906898
618503.342423463
618505.440753362
618517.732912496
618520.267847157
618533.720455245
618537.228148622
618551.353189363
618556.370856189
618570.780928143
618577.821815879
618592.240464404
618601.772567415
618616.033992096
618628.461327225
618642.498038797
618658.147093247
618671.969914398
618691.08518408
618704.758271793
618727.505737552
618741.11639385
618767.591502094
618781.216207224
618811.457480024
618825.131549392
618859.140833421
618872.83250495
618910.59710033
618924.18755556
618965.702569527
618978.973758348
619024.262793545
619036.894102024
619086.027118473
619121.332930262
619150.868610139
619190.448895019
619216.931889
619259.150331244
619282.840074697
619330.115216471
619350.281691219
619403.07666294
619476.142557524
619495.722496045
619558.27113729
619561.015235953
619623.868617222
619686.589245687
619740.122452835
619813.097874406
619821.37993371
619876.927108258
619865.849622742
619926.665413527
619966.840726167
620031.04442343
620072.736098382
620088.976979868
620131.221639413
620179.856092366
620231.466297014
620269.20056668
620314.616265391
620350.23475812
620372.903879134
620371.540343574
620395.418063499
620416.162143543
620434.413893972
620457.336661396
620471.851739668
620477.16779578
620482.609676386
620474.88300232
620470.10987064
620455.674444992
620434.955619891
620405.896034074
620396.632633546
620389.904120363
620380.172432256
620370.221493754
620350.317635088
620321.089358892
620311.72437698
620304.335840408
620294.465180054
620281.946031477
620259.230553972
620232.347419118
620220.145634858
620211.07887646
620196.843046215
620181.156102689
620148.205646234
620143.585197538
620132.384358213
620123.309315465
620105.573014605
620083.466163341
620055.268865321
620042.964062894
620031.683036212
620017.244935164
619999.941768367
619967.283943896
619962.797541029
619949.471057949
619946.208699555
619932.714189677
619912.739259971
619883.387220995
619874.300073434
619868.067972647
619857.794654339
619849.66470129
619831.947791175
619800.188024772
619795.719619669
619785.026825557
619783.116366662
619761.833324804
619758.586170616
619746.832672999
619737.211021364
619719.59629814
619688.134447763
619665.66412943
619664.885016429
619663.141600276
619670.2248979
619668.920723421
619660.095089168
619641.09459835
619620.21690602
619600.716585672
619577.927418837
619564.026252914
619544.940398734
619516.281714975
619504.19489858
619486.022190258
619477.618041674
619468.09182309
619467.101728213
619458.081780006
619437.988099916
619425.426753614
619397.430315319
619392.031044036
619374.930147164
619361.563062505
619342.452976838
619323.509011735
619301.86320681
619288.624394054
619265.71272585
619257.484866461
619233.651739278
619230.096811882
619215.021045004
619205.050354528
619190.095080844
619182.972837889
619171.701303241
619164.579236004
619156.491445715
619149.620207523
619144.156350501
619137.815562597
619134.385197509
619128.881581058
619126.894753041
619122.556869307
619121.45328922
619118.623968129
619117.899216201
619116.927811658
619116.155042367
619117.389443412
619116.232599369
619120.010077678
619118.22795121
619124.867669442
619122.310254637
619132.107248782
619128.702844061
619141.923790151
619137.660124695
619154.542666198
619149.44326224
619170.196636215
619164.292671837
619189.100050147
619199.704728607
619209.773372197
619223.449636761
619232.856072753
619251.306475862
619259.304914873
619282.81960932
619289.065771941
619317.895374185
619322.009110953
619356.363482416
619401.320310134
619424.838708461
619443.854169442
619466.478345865
619473.232083828
619502.296648332
619544.963676198
619586.888732846
619588.626258589
619622.247553947
619637.167167908
619638.170579532
619662.888574679
619691.403870794
619707.619518774
619711.561082804
619728.989945958
619719.983990637
619746.066944805
619769.677807893
619788.227911581
619813.542543465
619828.039145564
619832.176357096
619837.695452773
619834.924288427
619823.175084923
619810.639251715
619785.672677899
619760.213478578
619751.937317183
619741.912734825
619735.842278111
619720.449967661
619705.419716571
619673.695816407
619668.035770746
619659.833960951
619654.237740805
619644.541291976
619626.070456001
619605.773023156
619574.146230391
619566.341320091
619554.062361842
619543.222008582
619523.418140714
619494.251069788
619485.640375554
619476.984583718
619466.969235428
619452.830357031
619429.419836937
619402.372958463
619389.184502705
619378.735055417
619363.440317623
619345.991878261
619313.555826485
619307.599730346
619293.458702594
619287.248344535
619270.474416654
619248.175447595
619218.970406862
619207.860368419
619197.63309824
619185.200315608
619170.676032368
619145.325356093
619119.843255238
619109.662337167
619099.340448019
619090.324088047
619074.158725023
619055.926264988
619025.103404368
619017.350412964
619007.550269294
618999.475653941
618979.5001819
618973.754515446
618961.453368012
618948.383650046
618929.745246197
618897.350503413
618878.042114556
618874.516201451
618876.792302653
618875.75136815
618874.334992548
618863.171912465
618842.501501216
618822.240821553
618801.00346162
618770.973656162
618763.08138101
618758.09356178
618743.952833126
618735.829299635
618720.398230689
618709.199378989
618699.397964026
618694.8815238
618676.616923832
618668.282382619
618643.189570949
618641.36888458
618627.770233208
618615.122884587
618603.790868126
618590.947541743
618585.005640118
618570.566149322
618569.871347176
618554.161304976
618558.46732505
618541.813687765
618550.774656126
618546.887901813
618545.311054053
618542.920371171
618542.661308179
618544.052685831
618543.532353816
618548.294187858
618547.669799827
618555.343596182
618554.805926877
618564.905381764
618564.683466271
618576.716069838
618577.080076363
618590.569690577
618591.829493595
618606.335653838
618608.834721731
618623.967623335
618628.074060462
618643.505990302
618649.603199849
618665.07366453
618673.547327954
618688.860238193
618700.085693055
618715.102458028
618729.434272984
618744.061748494
618761.824822016
618775.998558994
618797.480402577
618811.144613749
618836.591605961
618849.680123286
618879.298756937
618891.718236538
618925.67937176
618937.293535359
618975.737906535
618986.355160666
619029.401793257
619038.769246328
619086.526288348
619147.001480521
619182.998887382
619212.306916425
619246.576276379
619261.611772635
619301.457185101
619360.728658576
619419.764909282
619434.148211893
619479.506705999
619471.921039606
619519.154817247
619547.562229097
619600.738211201
619645.903756975
619648.752637551
619686.472585823
619706.029963891
619744.159433337
619774.507133637
619799.466650056
619812.581620944
619825.67757808
619824.419653284
619815.908007051
619817.570400126
619821.257539369
619817.133915297
619817.620579807
619808.663022307
619783.105430059
619778.239918174
619766.165991107
619750.345582955
619735.468657817
619706.232210148
619700.024686316
619693.198048135
619685.397222758
619677.30977952
619660.886848313
619635.695698967
619610.043050825
619597.217949852
619587.047324966
619571.695264015
619555.690080439
619525.663780819
619517.860510269
619505.329572733
619496.232518092
619477.132008803
619448.902974478
619440.032397893
619431.202928217
619420.086641552
619405.158896176
619380.300866685
619355.109771182
619340.499684122
619330.765335793
619314.50390551
619297.795602781
619267.606101808
619260.299873155
619249.444680236
619242.549006987
619228.312916362
619209.03774004
619179.742853387
619171.767983402
619165.765591
619157.511362767
619149.902235738
619133.240331715
619111.639564908
619082.702723757
619073.021547183
619065.513171404
619054.928386015
619038.407314447
619030.811331988
619020.432016131
619006.206487141
618988.623754232
618956.391486708
618938.474336368
618935.053989138
618937.874108535
618937.105209201
618935.60556941
618924.216338673
618903.975213061
618877.783172921
618864.598714418
618858.993721091
618849.126328547
618830.860037536
618804.66497403
618788.173858423
618771.865868055
618757.919617061
618749.459896233
618742.587755239
618723.403255717
618711.96523534
618691.782361651
618679.437077916
618665.378380675
618650.266532303
618642.37390175
618624.825036059
618623.030723748
618603.386162219
618607.499587634
618599.917328775
618593.651538326
618588.503925051
618582.487904526
618582.593593544
618575.268326138
618580.217811514
618571.776596204
618581.063843499
618571.731274705
618584.780254465
618574.815657127
618591.011784691
618593.305205122
618598.703601883
618600.967962001
618608.132076744
618612.391600944
618619.668238062
618625.576128177
618633.213088921
618640.467477811
618648.764180097
618657.111921938
618666.414629056
618675.650275195
618686.343371205
618696.303356075
618708.796521387
618719.349408775
618734.06278604
618745.09662072
618762.444972705
618773.8533385
618794.231952045
618805.900451196
618829.672239645
618841.464425308
618868.949559783
618880.695977732
618912.166442145
618923.656516627
618959.333375349
618970.30986645
619010.365836308
619020.525760791
619065.093269767
619074.091831736
619123.271579279
619156.138129657
619182.448985952
619221.184084241
619242.925349681
619286.801048625
619305.554395476
619354.809843443
619370.035482271
619424.887739545
619436.113605689
619496.760611708
619503.598697165
619570.220288598
619639.573742135
619695.828589565
619721.459355635
619777.258540158
619781.033044223
619843.782009552
619907.08335446
619960.66897248
620034.253794454
620043.437287062
620099.341675314
620147.478908293
620192.270858451
620249.146294382
620279.568959593
620328.129123231
620329.347912476
620364.172096466
620394.421888831
620420.975814551
620455.929505388
620480.733551359
620495.753100431
620488.582934251
620506.328252546
620519.222746675
620532.219213595
620545.6855017
620546.595718735
620551.427322622
620547.805315843
620536.474931918
620522.825775911
620499.546893562
620473.459751556
620461.663346769
620455.183049861
620442.983409235
620431.428608314
620409.240201798
620382.442397359
620370.278044415
620361.800202954
620348.257546341
620332.686832564
620301.155578775
620296.210768654
620283.376065488
620276.687007331
620258.929863867
620230.399694121
620221.855809657
620213.970858782
620204.032576551
620189.393991142
620166.905171489
620139.681590012
620128.956215117
620116.510811442
620105.923125607
620085.212695644
620058.673813539
620048.451996105
620044.282178613
620037.730386263
620025.34479271
620007.937037591
619976.590740568
619973.32468897
619963.274838447
619962.753509646
619953.098526651
619937.311544843
619914.812143686
619902.669894472
619884.643152699
619866.11158273
619837.158110154
619827.991822326
619806.796019884
619810.960598074
619809.465627498
619805.022295589
619799.416870176
619784.70923825
619757.066629522
619743.591161688
619708.426249427
619702.729685961
619700.989369813
619700.981117095
619686.538030281
619680.699410849
619655.917470959
619655.81740692
619643.065450287
619634.674119229
619617.059175079
619602.202766763
619580.000976598
619570.454330631
619545.606340454
619541.020998931
619525.206819397
619512.000197302
619497.495245379
619484.713220781
619475.628128009
619460.908089848
619457.298112391
619440.890108651
619442.663997627
619424.877586533
619431.786641144
619426.325759035
619423.00173858
619419.292039391
619417.121181079
619417.629046095
619415.106319474
619419.295849026
619416.752294827
619423.994698958
619421.800779884
619431.410642653
619429.966116569
619441.241595608
619440.961828702
619453.224147038
619454.525441513
619467.157051445
619470.442898053
619482.917936791
619488.565332185
619500.471385044
619508.821006428
619519.870720511
619531.219408221
619541.248956474
619555.845410591
619564.802364061
619582.848738926
619590.771683991
619612.429077187
619619.417754381
619644.813127173
619650.993015616
619680.229735444
619685.716167863
619718.886961374
619723.751372434
619760.951951206
619785.451172794
619806.899926543
619834.746025653
619855.270151381
619885.826589485
619904.882957189
619940.444284237
619957.522046945
619998.419635543
620012.955573114
620059.503608083
620122.939085038
620138.137129024
620193.185517189
620192.915644768
620249.129886575
620285.879760062
620352.733352707
620411.287648523
620467.52949244
620470.140409377
620513.38337964
620538.643962009
620580.70115557
620603.497517476
620639.861030972
620663.452144139
620656.158769552
620676.71678919
620684.037682686
620702.302839879
620713.147776064
620715.452665951
620717.827071562
620706.846226814
620701.240347051
620686.092383542
620663.998992558
620635.777688758
620624.840773956
620619.734771675
620601.294430036
620603.360273581
620596.957762398
620593.70085588
620579.162903004
620566.819892065
620544.171313904
620516.460537228
620505.45719668
620493.22657643
620482.045446364
620461.312638594
620434.433708442
620423.536429655
620415.218047027
620401.848401833
620386.481494441
620354.806282997
620349.244072106
620336.544108291
620328.192176301
620309.180626615
620280.959279203
620272.873439833
620263.898023542
620254.941173397
620239.551296387
620218.737516269
620189.41896215
620181.084134018
620168.5493604
620161.291766001
620142.102386393
620124.69595828
620095.656591869
620086.982710896
620078.045762425
620070.017070121
620058.526812727
620038.559116682
620010.583484456
620002.030770132
619999.314220598
619995.669319255
619985.768866241
619971.817279377
619949.148135206
619923.277681982
619910.464534589
619906.13614855
619887.930919614
619886.021004275
619875.128052708
619867.526879358
619851.421339366
619820.819466842
619814.195963738
619800.354704664
619788.567129606
619779.881479966
619775.817470576
619765.348932117
619740.39559236
619728.633739701
619707.259875012
619680.449534873
619667.592332559
619664.049148961
619650.292569727
619643.904832439
619624.483632313
619623.049457365
619601.090360379
619604.937881166
619596.342390807
619587.475839132
619581.817125698
619571.863263744
619571.862403109
619559.736093678
619565.426135879
619551.238026067
619562.514020705
619561.502699969
619560.879203269
619562.489058719
619561.443041431
619568.079648043
619565.479577344
619576.718078483
619572.850823303
619588.139158371
619583.387438167
619602.076564228
619596.906996738
619618.290616635
619625.373342379
619636.279664669
619642.832585887
619656.406651956
619664.244937751
619678.958353
619687.643100701
619703.91211267
619713.069228545
619731.303331816
619740.632622342
619761.220386033
619770.496258326
619793.79245079
619802.859200354
619829.177313932
619837.938880258
619867.546547163
619875.950095536
619909.067648447
619917.082295577
619953.884813507
619961.47970616
620002.104729062
620027.807212387
620052.310349784
620081.333149168
620104.95409797
620138.381888976
620160.786581606
620198.861444207
620219.679439113
620262.613422429
620281.454735168
620329.430968748
620345.89610666
620399.073471734
620469.527011614
620511.46714914
620546.850664314
620587.55377468
620606.115576185
620652.925424198
620719.925741949
620786.202078093
620851.228967616
620859.98827677
620907.928462501
620936.712928126
620986.529138243
621030.222752389
621067.820328103
621089.437510242
621086.933201757
621108.59966326
621093.193491
621124.181400945
621139.727565837
621171.715127814
621196.40705153
621185.656391323
621209.980347885
621219.868143353
621230.309915774
621248.535700118
621260.457506887
621266.285988976
621246.058803836
621251.629645703
621248.739662071
621242.476466017
621238.262822699
621224.279084217
621202.390151137
621175.221369818
621164.274775063
621156.553447692
621146.63142234
621131.818748417
621108.980365167
621082.043441745
621070.94032804
621060.626562918
621048.796838409
621031.221259568
621001.452091443
620994.620213906
620984.921081026
620976.709121971
620961.200143494
620940.079191977
620911.810416866
620901.836593146
620889.640334271
620878.907292333
620859.109160287
620831.40815623
620822.298182077
620815.620326605
620805.272686144
620794.475864294
620773.690532536
620745.555806103
620735.91572092
620728.058421382
620719.595662312
620705.96724298
620687.194345558
620656.529108352
620651.348777449
620640.062232395
620636.873381874
620624.235007375
620605.608334005
620576.374956517
620568.396329505
620562.807247079
620552.51456646
620545.048162379
620527.590637556
620497.311915978
620490.800498716
620478.300532298
620465.733933952
620460.063756292
620443.135302394
620444.675307731
620441.292110736
620432.946904149
620418.28900871
620409.212886727
620389.527667797
620386.486887254
620377.393465142
620363.555813312
620346.728555219
620331.679945619
620312.055121431
620302.819536731
620279.787710531
620276.362140199
620262.23000619
620249.820759218
620237.46332692
620224.573206772
620218.142456532
620202.493210944
620201.937233693
620183.746553638
620188.898749434
620182.306592623
620176.735286499
620172.332629717
620166.514699175
620167.234396046
620159.660268763
620165.120285866
620156.10237384
620165.819648406
620155.737115656
620169.15128036
620169.596859285
620174.000147089
620174.273005417
620180.915247155
620183.687609811
620190.510924926
620195.352165668
620202.718102699
620209.215617274
620217.504442932
620225.278581512
620234.878212829
620243.591711798
620254.884859502
620264.249807066
620277.604850717
620287.385511168
620303.145765328
620313.153249916
620331.627919778
620341.712827394
620363.17346853
620373.215228257
620397.894176473
620407.787105334
620435.879469006
620445.51834972
620477.187387126
620486.452690977
620521.837000625
620530.581470101
620569.80492828
620577.843913309
620621.026328553
620648.81253649
620673.659285814
620705.464429532
620728.037472329
620764.476766851
620784.92109924
620826.316667426
620844.123021088
620890.780945186
620905.464229242
620957.667723772
620968.783451145
621026.785696058
621094.470759594
621141.939401395
621170.96411175
621217.882647367
621227.764774078
621281.559206971
621344.421182137
621388.92281053
621413.898538767
621458.993817532
621464.728111968
621517.911084496
621576.046170067
621621.151425857
621687.646147344
621695.364993371
621744.171834916
621787.465077806
621825.594978396
621875.703552627
621914.075078421
621948.274894253
621970.588668117
621962.629010693
621987.714449713
621998.773256859
622022.543704603
622038.83188777
622045.967027685
622034.941578239
622044.721290282
622048.874969757
622053.328760181
622055.033036978
622046.923681634
622039.034320213
622021.764216444
621991.770738355
621986.357829289
621980.106254274
621975.677281146
621965.735567514
621949.743101412
621927.378378511
621900.33866256
621889.33664646
621878.64974767
621866.948559181
621848.609266888
621820.052766887
621811.988393927
621803.576467737
621793.260065217
621779.532229373
621755.102354876
621730.911525917
621716.230950489
621708.270065986
621694.711095932
621675.600110591
621646.448662977
621638.150300569
621628.707352479
621618.306566792
621604.134171198
621580.119317334
621555.403005201
621541.722738168
621535.732244763
621525.440951539
621509.055707339
621487.552518634
621458.536249749
621450.864310532
621438.102059543
621432.671042887
621417.75775818
621396.085505393
621369.27028605
621357.735671362
621352.112355666
621343.714752712
621327.674840344
621308.61078878
621280.792821634
621270.594285066
621246.553524661
621249.62829614
621241.302415898
621239.098399847
621228.617535978
621207.343195128
621194.495897965
621174.052229416
621156.809201536
621136.840802819
621121.362063129
621094.597843163
621083.456498221
621064.3733519
621063.123033698
621044.884632743
621048.353927205
621039.936304552
621033.441220728
621026.04367121
621019.30491426
621016.493205657
621007.316345467
621009.084544018
620997.578237316
621003.884229467
620990.238027263
621000.985985575
620999.078388402
620998.685177151
620998.203555867
620998.013699907
621001.772457195
621000.338466298
621008.150706585
621005.859459872
621017.433378888
621014.746528343
621029.694310966
621027.131000906
621044.98331383
621043.093794473
621063.318498518
621070.2891977
621084.736676082
621089.885319611
621109.473109372
621115.908008546
621137.551986682
621144.889728369
621168.847504811
621176.717478019
621203.214099763
621211.268700822
621240.499723153
621248.420894581
621280.557020951
621288.05993919
621323.254319184
621330.088390374
621368.485293643
621393.950938715
621416.725289181
621444.595385883
621466.340344393
621496.094124629
621516.110096732
621550.09056736
621568.084672977
621606.601627556
621667.647010703
621684.572339016
621731.07597112
621737.107274552
621782.45034002
621785.840898048
621836.750801263
621869.969793398
621891.313071419
621933.331967516
621947.148692758
621995.467544952
622005.843976537
622060.704306688
622126.001033252
622171.038801692
622199.185829349
622244.236666078
622253.997486848
622306.438983907
622368.599736035
622412.141769688
622436.776607133
622481.150793244
622486.453261414
622539.07419468
622596.102273026
622640.681429492
622705.313235524
622755.415867233
622758.320971375
622802.436172101
622828.849977046
622871.400703389
622907.449672668
622931.276830713
622956.686795003
622965.547186495
622981.524412639
622986.698247478
622984.797137351
622978.345163122
622964.334578202
622947.408030908
622916.487208041
622911.342154024
622906.534930003
622901.807522263
622896.728944109
622880.372213939
622865.718448064
622834.762659965
622829.587912727
622820.901633554
622816.583789327
622804.901726386
622788.298695745
622757.490685937
622752.138787302
622743.115550373
622736.67143905
622722.412581837
622702.899198436
622673.561365773
622664.878723937
622651.657612427
622641.444009474
622619.484645688
622593.932764225
622581.035331466
622574.101693456
622562.415382778
622544.023071213
622514.754892335
622506.101509754
622497.685921741
622486.085798645
622473.502064241
622451.174665923
622423.170291027
622412.569921087
622401.426646848
622392.729186504
622373.884530218
622355.75902925
622327.296331519
622317.397390777
622309.054160064
622298.28640176
622287.670146288
622268.381369216
622237.854939491
622232.070810003
622220.807958729
622207.25981099
622205.420993336
622201.699693898
622191.790736712
622182.734454436
622161.642391859
622148.665433209
622120.310834024
622115.587675121
622099.281271625
622084.125949168
622055.776848458
622046.101251462
622025.524361625
622025.7370686
622005.889185656
622010.578448455
622002.365850988
621994.533901877
621987.491250328
621978.569177881
621975.356256539
621964.041536312
621964.605840652
621951.115142302
621955.466422329
621940.045931799
621948.232422972
621943.711966911
621941.549409708
621938.005495258
621936.493219789
621937.236978279
621934.482790725
621939.641514816
621935.88470398
621945.469769395
621941.007409879
621954.894618131
621950.078245241
621967.999904002
621963.225888509
621984.775015712
621992.69452969
622004.500548747
622012.874221524
622027.5592634
622038.40737675
622054.257616072
622067.03127162
622084.334803726
622098.438620936
622117.494968486
622132.319823821
622153.436953208
622168.391109237
622191.878354832
622206.415286854
622232.578481873
622246.222899144
622275.360412872
622287.725228117
622320.122069185
622330.915980534
622366.840012368
622375.867632728
622415.567747721
622422.720897424
622466.426484418
622520.971450225
622552.184841779
622577.836023521
622606.797528653
622619.852886502
622653.910655985
622664.828189302
622704.336819599
622713.031099565
622758.277068199
622764.640582424
622815.838499818
622819.726225818
622877.020246102
622915.398659561
622938.801456494
622987.76087093
623001.959651637
623057.468558833
623067.853605407
623130.052257192
623200.768219404
623253.186098399
623282.016339525
623334.441484088
623341.978526609
623401.778466945
623466.640711641
623517.501072491
623591.259824377
623600.690735477
623654.563393416
623701.406035596
623743.546686125
623796.960263234
623837.887664737
623872.510853957
623897.739168052
623919.454162545
623931.527622893
623944.072680345
623943.374351614
623947.236300996
623942.749300057
623929.663545853
623915.975639708
623892.66024412
623864.711303629
623857.517232013
623850.003932459
623845.678440903
623835.367978247
623822.475254508
623800.802015032
623772.891358507
623763.166167854
623758.550721653
623751.814751826
623740.603728504
623720.918948436
623692.018211155
623683.57587088
623674.969726788
623664.625643415
623649.932076725
623625.148469135
623599.936227883
623584.242701963
623572.742795733
623553.159076262
623532.227285449
623505.033361178
623490.973871712
623475.657524771
623458.703114241
623428.868114233
623420.582258114
623412.234559812
623400.513753653
623388.136591203
623365.80642103
623337.358316431
623326.844322952
623315.297250415
623306.757954788
623287.80172424
623270.00652163
623240.866122617
623231.601153768
623223.621087369
623214.192888102
623204.655282344
623186.718648237
623155.127241427
623131.02722181
623133.791435817
623136.372885854
623147.167168733
623143.096803517
623146.19264893
623130.470892579
623125.729024252
623116.729333439
623102.873562705
623087.037518553
623058.556531632
623048.315805228
623026.154377659
623026.632678335
623021.405629173
623010.130465053
622998.781559834
622978.450276949
622960.0528299
622935.164904795
622922.067080653
622894.780645024
622885.837696346
622865.585090049
622850.003574719
622829.579988179
622815.765825086
622799.774663975
622784.603592145
622773.218750172
622756.844576644
622750.188653295
622732.750368416
622730.863349531
622712.49729091
622715.313013959
622708.406767603
622703.836651769
622697.633881113
622695.135909521
622691.326324786
622688.126115061
622688.329764614
622684.546759871
622688.315664918
622684.156209882
622690.935855882
622686.696101507
622695.853950771
622691.913923961
622702.775242644
622699.586543664
622711.473155148
622709.539972937
622721.807852033
622721.662983416
622733.73547797
622735.91489125
622747.310484835
622752.3286693
622762.678683287
622771.004651249
622780.058962074
622792.096687502
622799.719625582
622815.795708524
622821.951985685
622842.309336505
622847.040285542
622871.840171984
622875.235303864
622904.56681986
622906.730213987
622940.623962345
622941.639011658
622980.086016071
623002.772803208
623021.133368406
623048.741770345
623064.322848227
623096.77394681
623110.524742684
623147.996739514
623159.487890882
623202.166379869
623210.915048494
623258.996440081
623264.485798521
623318.178500469
623377.415429999
623420.312048646
623442.870556399
623485.058721808
623489.256338077
623538.254599117
623591.714690186
623631.404910811
623691.218391409
623696.318491807
623738.304468655
623774.829293171
623805.847773148
623846.716618497
623877.218609532
623900.093317639
623915.820804658
623926.569186405
623928.428411305
623930.828032227
623920.200199458
623914.6780533
623899.822378719
623872.49786295
623862.868682656
623847.819708428
623828.459499849
623809.803984859
623781.80667531
623772.41469927
623765.312971523
623756.23517606
623746.552253361
623728.765781283
623698.257598391
623692.622854545
623683.262080637
623677.78109858
623662.556157881
623644.32447912
623613.916839006
623606.080303499
623591.648191207
623580.955971962
623557.825952534
623532.655780937
623519.169551936
623508.355393648
623492.142135059
623471.255272504
623443.584968084
623431.471117253
623419.122480512
623403.574206225
623383.619750939
623353.699547425
623345.89202334
623331.829650331
623324.673587629
623307.464682648
623276.755014195
623271.981433022
623264.336159975
623261.869987514
623250.652923321
623238.964938671
623218.649601895
623189.175797142
623181.910430244
623174.556867327
623170.652312417
623158.842208267
623146.151892534
623124.969591944
623096.04537326
623087.658296336
623077.605934012
623071.827420207
623054.216972775
623038.630247016
623022.257214601
623008.240674727
622982.949874599
622960.520089033
622950.1731888
622922.861966699
622923.69878413
622912.891066348
622896.206908982
622883.110132788
622861.056084634
622842.021754489
622816.667741942
622810.580517219
622799.383105668
622785.335954113
622777.023770534
622760.291739131
622756.17624447
622737.091505398
622737.277340263
622716.084459419
622720.720734659
622712.463572516
622704.855321646
622698.844967432
622690.814246496
622689.932706644
622680.127458744
622684.560632689
622673.062535954
622682.855717361
622669.805209938
622684.841082222
622686.714850765
622688.582270514
622693.277442501
622694.894225714
622704.149598286
622704.847779933
622718.162303459
622718.255741753
622734.996058645
622734.885491057
622754.322822433
622754.481880883
622775.837209132
622783.764609897
622799.447450793
622804.611143547
622825.268213183
622830.830608391
622853.246385502
622858.762457332
622883.315568446
622888.425459975
622915.483298335
622919.919113992
622949.828141902
622953.413658993
622986.492069519
623007.163738769
623026.185035485
623048.875781336
623067.566109248
623092.368951461
623109.703725581
623138.968030166
623154.837575349
623188.829307009
623203.150041174
623242.058555483
623254.754104418
623298.696286583
623309.679122034
623358.71162822
623421.254145918
623458.712486762
623489.617822608
623525.442803957
623542.0267121
623583.436648879
623597.27266157
623644.45352297
623655.143351206
623708.25457855
623715.383739908
623774.563160536
623777.7107183
623843.079706331
623887.282723721
623909.953596995
623967.178628938
623976.099823773
624040.141793469
624109.139651251
624163.710436407
624242.349439496
624306.359502422
624316.444995745
624371.235709802
624402.924663556
624456.841151199
624503.867726783
624543.897338971
624574.151727603
624566.092887659
624597.801229564
624613.854837203
624643.52880089
624665.733634639
624680.11917135
624693.787247357
624695.748436751
624701.30720388
624697.713605209
624688.165193321
624675.669870444
624655.061135731
624627.252143711
624618.972641781
624616.610023766
624613.303965371
624605.111120012
624590.791664032
624571.272427461
624542.351414695
624534.206283808
624525.951339648
624516.792600287
624503.122909601
624480.645099071
624454.236721515
624442.195368432
624430.980178031
624416.772093778
624396.109885504
624368.907123333
624357.071544538
624345.57359995
624329.737262493
624310.005213951
624280.500644516
624271.706653801
624258.692482728
624244.882067965
624222.953640361
624195.308581425
624185.642230069
624173.472084892
624164.467746932
624144.120136052
624124.721670597
624097.343641208
624086.016682379
624076.469641469
624064.694299672
624051.567357429
624030.0941214
624001.286835049
623992.967751691
623983.767467377
623979.037181031
623963.590236921
623950.35299508
623920.852132704
623914.307264377
623909.277682585
623900.157814984
623887.960127598
623879.965362531
623873.941250119
623856.883213207
623843.220392341
623817.011555661
623808.595995074
623796.768732026
623777.565020425
623771.578488771
623759.065545407
623740.981688813
623723.089095039
623702.359528464
623683.457382025
623666.829088264
623645.441320238
623632.786838229
623609.297837276
623600.576051217
623575.337996407
623570.574646982
623553.946755185
623541.48204468
623525.147642463
623514.316181137
623502.462252562
623490.393760776
623483.217547271
623469.972240137
623467.571995218
623453.237772254
623455.583813386
623440.291595677
623447.21115304
623442.071139618
623440.852189878
623436.352732687
623437.106073242
623436.46690111
623436.767979077
623439.519561756
623439.630978562
623445.190832139
623445.463834506
623453.170301096
623454.035441852
623463.185724639
623465.135103178
623475.025684049
623478.589819922
623488.555744896
623494.277770294
623503.728505026
623512.138497349
623520.585957321
623532.175638202
623539.250996635
623554.452112325
623559.912971979
623579.08317129
623582.808820509
623606.221743296
623608.19556925
623636.040045733
623636.327022716
623668.715582767
623667.429682945
623704.408306506
623725.413629644
623741.340835216
623767.549094643
623780.311838943
623811.399155324
623822.43861998
623858.53117734
623867.63220256
623908.840831422
623915.728557413
623962.160268078
623966.502341639
624018.270516838
624054.056954829
624075.970762686
624120.1920759
624133.969469083
624182.31320157
624191.646527208
624246.350344694
624309.306211218
624354.101426886
624424.617519618
624478.766528324
624488.596545678
624532.180272808
624567.388954656
624600.48144083
624640.443578945
624658.999046919
624689.46907589
624682.210951917
624703.492719758
624716.99661329
624731.740856944
624746.205699692
624748.329070936
624754.560754937
624736.723529666
624741.486093256
624737.522267218
624738.366951942
624727.865701646
624721.520883055
624705.606673529
624681.951912571
624654.819147349
624644.192094008
624637.216412603
624625.347227952
624616.130574926
624596.389533532
624567.196514456
624559.041035102
624548.745250942
624540.054133266
624522.866955901
624501.010257008
624472.977477681
624461.358392759
624447.149190133
624432.767386977
624409.192454427
624383.109737518
624369.866982257
624356.83111813
624341.707130525
624318.32682374
624292.632128176
624278.48302219
624268.634879971
624251.598803329
624234.721430683
624205.828418761
624196.720935822
624186.35826357
624176.273427876
624161.802649299
624138.49140302
624112.467818447
624099.998201439
624095.095629117
624087.159992603
624073.126321318
624054.951287444
624023.059938624
624019.499522202
624008.084639566
623995.670239293
623995.322450729
623992.860160154
623985.929215734
623978.193053246
623961.348254386
623930.326727086
623907.474858139
623908.382069382
623908.177067822
623915.732327021
623914.592884632
623892.91069042
623890.698378588
623877.835928553
623858.122213576
623843.097192385
623820.208360686
623803.535158454
623798.426083199
623790.991627579
623783.187475272
623777.526269422
623780.342378038
623775.175716197
623757.038775419
623747.39957153
623720.499344984
623717.523252561
623702.352704266
623691.53516649
623673.70132243
623657.150732509
623636.401525181
623625.853321091
623603.689272234
623598.794262449
623588.792594647
623572.760682045
623558.94645481
623541.387339582
623528.143922881
623515.855512394
623501.948939953
623494.510297623
623480.131570637
623476.95273977
623462.331237162
623462.68845366
623448.093905394
623451.174143794
623436.914354184
623441.867574409
623446.663795011
623435.714735254
623434.974247061
623417.834318345
623418.328620823
623401.321875361
623403.336185858
623386.138536524
623389.973063729
623380.807014922
623377.374206334
623366.897247168
623365.926978297
623358.407915994
623356.422406585
623352.332511112
623349.232777363
623348.988431721
623344.745943335
623348.694945944
623343.328049322
623351.740471898
623345.286848573
623358.353990318
623350.842907033
623368.683272903
623360.108783309
623382.779948292
623391.412119072
623398.629867107
623410.930330457
623416.734910216
623434.197135081
623437.947179312
623460.712944355
623461.92354714
623490.116779401
623526.505846342
623543.589086722
623556.890480513
623572.876250168
623574.994907155
623597.271565663
623628.965961083
623657.701210726
623681.964740336
623690.4897087
623682.59643298
623690.759795308
623695.632939264
623695.513087328
623697.253520443
623689.369621741
623673.256236796
623653.598780706
623640.034253106
623624.568106503
623604.920976181
623576.339389856
623567.246308186
623563.814528915
623559.483257718
623548.559100276
623534.40605059
623510.868999306
623485.171735854
623472.238798472
623468.460054404
623461.184075235
623445.5257699
623427.113962423
623396.12206047
623389.485177525
623378.89773542
623369.49229628
623352.278354642
623322.151875401
623316.310597353
623306.39002691
623299.05673997
623282.7204785
623261.871875831
623233.056704248
623222.523329321
623208.40598155
623195.671405545
623173.057608021
623146.317173859
623134.627899947
623124.306494349
623111.832693649
623093.960503185
623064.03139878
623056.840746384
623049.043227402
623040.755743101
623029.858750115
623008.942980593
622981.570477319
622971.947359427
622968.189946706
622962.690381098
622951.849726691
622935.534823224
622913.024485793
622885.617832646
622874.311415531
622868.009778262
622855.937312766
622846.584926281
622827.325422079
622795.511551111
622789.529824892
622778.320059596
622772.66897887
622758.665190197
622737.430517918
622710.145465443
622697.837565777
622690.791265645
622680.101859961
622660.647620246
622637.860389343
622612.196602786
622596.475980714
622573.797499484
622569.801854291
622558.436119117
622543.567894557
622524.387573867
622508.123011193
622486.072013742
622475.346071936
622458.810423799
622436.922244062
622412.117863692
622396.13209013
622383.649263408
622377.99757682
622366.869466156
622366.943597703
622370.206088462
622359.313671617
622354.409633613
622342.268205218
622334.811722661
622328.435820095
622330.867159025
622317.537224519
622313.806551163
622294.738747195
622296.160846466
622275.455758455
622281.739916485
622274.802827208
622268.993076812
622263.907831253
622258.738182728
622257.323080783
622251.895295899
622253.599987305
622248.300923098
622252.540421422
622247.766100982
622253.950866085
622250.094029718
622257.660588392
622255.099278362
622263.537734578
622262.625211446
622271.500850177
622272.557447563
622281.524714533
622284.832444606
622293.640569859
622299.441465028
622307.931780741
622316.430166907
622324.524980787
622335.891917936
622343.575514645
622357.956360499
622365.251662011
622382.775661906
622389.717036935
622410.507448437
622417.113402321
622441.29867777
622447.547010225
622475.270717912
622481.076935813
622512.50537506
622517.706939917
622553.03414135
622557.3816282
622596.83181156
622621.006920578
622641.837286154
622670.348525302
622688.385192174
622722.040285802
622779.609141005
622794.594793562
622837.326383852
622841.314519693
622884.061502484
622933.57400099
622966.49868003
623021.542355013
623027.366624356
623062.46188902
623055.310899542
623094.447865446
623129.533090831
623160.485074733
623200.480604044
623229.143193565
623245.585512794
623241.536488007
623258.117418051
623273.20896519
623282.870748835
623297.861399499
623302.865773811
623282.506623007
623289.834309939
623286.527651927
623282.869072844
623280.951748047
623273.046196044
623251.758112072
623243.052920828
623228.048650656
623213.020701475
623187.766935507
623163.45588431
623153.569331041
623143.161694608
623133.705644722
623116.367417892
623095.976226244
623065.75047708
623057.62606408
623043.112051697
623034.499963374
623014.837855242
622986.538994369
622976.490869936
622968.06193909
622956.166109107
622941.212335188
622909.184104249
622904.802079937
622892.923801315
622886.971284173
622868.92256533
622850.093283354
622821.324559246
622811.177787158
622798.00675529
622787.334069394
622767.984058535
622738.650477498
622731.829631646
622722.784714175
622716.904073894
622702.752321735
622686.364206439
622653.537237385
622650.631604308
622638.966828067
622637.950790255
622626.946272533
622609.999696521
622588.301799117
622558.60410201
622550.906675527
622538.143669172
622532.690660291
622517.698899523
622496.200420862
622468.517518288
622457.14269548
622450.389479475
622436.025232297
622425.699019528
622404.775767943
622377.474706581
622365.774003819
622353.633744226
622338.586374331
622321.404669546
622294.096432703
622282.492693676
622261.223381743
622260.461207921
622254.829756481
622242.726225783
622231.058893266
622210.909066663
622192.69108592
622168.009100932
622155.934278032
622128.39653721
622121.499128403
622103.312539034
622087.317596962
622070.613088539
622054.648347073
622043.461337791
622033.825906562
622011.631253841
621999.966635851
621976.619878323
621965.607832896
621948.219654962
621935.01440914
621923.499876381
621908.265509741
621902.353319932
621885.345742563
621884.585299196
621866.152312365
621869.936813153
621861.453952083
621856.859346984
621848.477390151
621845.946421139
621840.498041449
621837.872109432
621834.685426024
621832.39528297
621830.80576245
621829.311524232
621828.700429167
621828.473890013
621828.298981754
621829.802180364
621829.620191609
621833.287475579
621832.76957877
621838.992714079
621837.928036965
621847.044381838
621845.332791508
621857.618940273
621855.254131981
621870.924632399
621867.968771494
621887.180433179
621883.733287181
621906.593980469
621935.906977876
621945.761582518
621958.50140005
621965.50381715
621972.632106863
621983.959713887
621990.425041392
622006.320216658
622011.874542322
622032.543325231
622036.865581141
622062.480492747
622101.166229672
622115.228828929
622133.789582643
622134.84830117
622158.765841377
622178.00095628
622218.025206052
622251.725819093
622255.16320509
622276.098523831
622262.871162652
622288.378651814
622298.978948989
622325.66208803
622344.130626379
622335.281555677
622349.24465848
622350.49302788
622361.205762289
622363.910561411
622359.333108649
622347.92956471
622331.079625571
622298.547327821
622296.62787333
622285.288350734
622286.565399978
622279.398851398
622263.304800079
622244.760265751
622213.622850274
622206.128532605
622197.508774956
622188.516510394
622177.51410123
622154.984602292
622129.469356313
622122.375959723
622112.904342725
622105.958473405
622090.404659954
622072.272669355
622040.675178936
622034.700895654
622023.392485129
622013.087720154
621994.48296405
621965.275929184
621957.854329837
621948.22788255
621939.428316158
621923.546790123
621901.588823042
621873.563675048
621862.330080158
621850.058325056
621837.36150957
621817.737322266
621788.417976216
621780.432405528
621770.337912439
621762.398466996
621746.604980782
621727.439010368
621696.405297843
621690.138883349
621678.072347282
621673.212734138
621658.766873191
621639.871925939
621608.899280078
621602.267126007
621594.324778167
621586.971155643
621576.894929108
621556.639265598
621536.775848003
621508.698941416
621497.380540936
621486.816439927
621474.408967734
621459.433188836
621425.480114351
621424.075241828
621416.088593732
621408.248810975
621389.407364672
621382.579725903
621369.686962251
621353.796297528
621332.986992131
621305.313758389
621292.8858115
621267.764584098
621267.801650645
621256.417389421
621249.454645822
621235.31168042
621210.696541098
621195.185783131
621160.318643544
621150.190359171
621137.194617607
621135.176395164
621145.963649728
621136.615692558
621138.816765872
621122.502525916
621129.306891411
621132.233582483
621128.124545008
621119.258884124
621113.858566827
621100.712869879
621100.969306993
621085.517473183
621091.259893103
621073.855814179
621084.802956452
621082.450145921
621079.777706729
621080.211347539
621077.118153239
621081.968942611
621077.966998569
621086.819843038
621082.204909928
621094.575943727
621089.671337223
621105.032209382
621100.18417149
621117.987719575
621124.513132778
621135.066702932
621140.059379956
621154.381653624
621158.749833242
621174.002340188
621179.577654494
621195.968695194
621202.51784809
621220.280146934
621227.600508929
621246.993104432
621254.907080859
621276.214169224
621284.560881328
621308.087441516
621316.712670516
621342.779650667
621351.527468901
621380.465717735
621389.167939495
621421.308269418
621429.774455255
621465.439635729
621473.451262383
621512.949814173
621520.257211669
621563.877861201
621591.951714325
621616.324078725
621649.032490949
621712.11407837
621732.256282532
621774.995977243
621787.229495317
621827.538968141
621836.901702038
621883.189252374
621941.559213734
621977.446771153
622003.411368079
622038.795898966
622049.085840651
622091.285717441
622146.871040921
622202.866580657
622257.020087724
622288.423091852
622295.918197713
622324.505162632
622355.963749768
622375.908804359
622410.077854389
622431.831579533
622424.558128606
622442.137168393
622446.575287298
622462.564844388
622471.039295338
622473.07802644
622467.069012734
622447.526419948
622444.815438112
622435.382638548
622426.254683194
622412.331611273
622389.747697609
622363.472104239
622351.231010855
622348.144649155
622343.515410213
622329.541463532
622313.774363601
622281.517956426
622276.964219724
622267.729087254
622260.766307682
622246.48618398
622226.725568527
622197.873181694
622188.343236771
622178.088373802
622166.554257321
622149.632984813
622119.051587658
622112.524241456
622101.804340423
622093.146606411
622076.504168776
622054.086918318
622026.531069672
622014.41438085
622002.443967463
621988.618359671
621969.303898582
621939.419475002
621931.923299267
621920.961239738
621913.624114965
621897.032907922
621878.485045918
621846.961641373
621841.245997557
621829.121072504
621824.736434498
621810.600548929
621792.281415967
621760.958859301
621755.188687733
621747.207647412
621740.897160638
621730.927150083
621711.724683859
621691.941721581
621663.681513822
621652.919909651
621642.371235325
621630.294417172
621611.104553455
621600.641716913
621586.082748393
621567.323281374
621545.723147433
621527.458951567
621495.05364213
621491.168285019
621467.869070382
621474.985905832
621469.93195654
621473.364097332
621460.375118885
621455.86151438
621435.938042091
621436.358004458
621429.620544595
621418.720713357
621402.582170606
621390.195317444
621370.367141664
621363.690425804
621340.260799482
621339.481098362
621327.333288587
621314.978136058
621305.68504157
621291.702278307
621288.796885938
621286.982235262
621273.941168317
621265.161857431
621251.595301665
621240.833455449
621233.710039847
621220.599228471
621219.616752362
621220.809091504
621208.871637787
621203.705655109
621189.999249152
621184.108336897
621175.066751641
621168.519918537
621163.442133412
621156.734311759
621154.837651918
621148.47608663
621148.945577943
621143.426553037
621145.465532828
621141.254091824
621144.133080508
621141.645258874
621144.742722572
621144.332946248
621147.166638723
621149.120973168
621151.364313986
621155.897959663
621157.38194714
621164.644810715
621165.347659488
621175.436517197
621175.459963818
621188.43288071
621187.964428789
621203.855841007
621203.125310448
621221.966684512
621221.202709178
621243.042536738
621242.428079841
621267.348182921
621280.828696068
621296.122672837
621310.323986
621327.730935207
621343.729962006
621360.690397563
621380.928610745
621396.938852957
621421.84812556
621436.322863459
621466.325004675
621478.625499917
621514.114367671
621523.582313776
621564.910009528
621618.895232128
621649.799007262
621708.864106657
621719.563326567
621723.35124022
621757.693749424
621786.042121875
621817.071346956
621863.183385181
621901.065246773
621906.82948624
621934.779356057
621958.524235495
621976.247314648
622001.351870479
622015.609864964
622023.199837137
622023.010805535
622004.776414805
622007.971552885
622001.485867166
622000.847203301
621992.90154244
621977.671266429
621958.435478548
621928.281370102
621921.378979295
621915.174870524
621907.038263679
621899.715924545
621883.413193416
621852.791031207
621849.438881314
621840.580823606
621838.99500199
621824.941964278
621812.412048892
621782.968594956
621777.257342783
621768.61770861
621761.083296635
621747.505460949
621725.927147777
621699.959092376
621688.434734752
621678.032705003
621664.439505086
621645.514074346
621617.589246435
621608.601487456
621598.177844915
621586.874299285
621569.924229355
621540.255393593
621535.007441641
621524.707185246
621519.444131832
621503.36761423
621486.825995496
621457.693523492
621451.014522461
621441.098109026
621435.24863513
621421.90556634
621403.964598054
621375.120364219
621368.774676367
621363.256676236
621356.783003445
621349.338274657
621330.61062892
621313.408958527
621285.725168174
621276.98450185
621268.410092217
621259.062673592
621246.848893114
621223.717560289
621200.244346278
621191.987481648
621181.724504867
621163.901723467
621161.283322784
621151.13529317
621139.35798199
621122.234877872
621091.618395728
621075.744346032
621071.003425001
621053.499721874
621065.137701641
621063.257687186
621057.456624861
621058.967983503
621049.281894262
621055.60482411
621042.415760707
621053.469641096
621061.115619358
621060.266973511
621054.69236891
621051.982825392
621041.221092146
621043.948433318
621048.621064077
621040.510784178
621036.207595607
621027.310247199
621019.983223611
621017.634804371
621007.753797583
621012.071162371
620999.867923516
621010.738953171
620996.527904374
621013.606338748
621019.010382491
621020.321307931
621029.900510597
621029.949976739
621042.44507849
621041.704725931
621058.191064885
621057.062458646
621076.666521877
621075.588614184
621097.407915516
621105.509334086
621119.997320493
621125.959373246
621144.449029409
621150.952216666
621170.666197217
621177.278380389
621198.486188282
621204.903722564
621227.874719429
621233.923765563
621258.925389861
621264.55071383
621291.847386583
621297.09258574
621326.94556555
621331.922695637
621364.586843132
621383.14324191
621404.118936621
621423.886586832
621446.232034887
621469.751753057
621491.821136349
621519.471385435
621541.118447802
621573.226832668
621594.249210226
621631.084315404
621651.217046627
621692.986084379
621711.902774803
621758.756195826
621776.075898544
621828.115650005
621843.412366662
621900.702789377
621972.401970341
622018.360720803
622053.789639819
622098.352851485
622116.369992869
622166.812372378
622234.897941819
622303.078307642
622369.299006607
622408.986668289
622424.095433815
622458.943711924
622501.025848465
622543.266594122
622570.44789636
622605.27134674
622600.63044135
622625.627451117
622643.142817422
622660.165690328
622679.473978334
622682.663656872
622694.020749741
622681.561572701
622687.157891694
622687.463718552
622687.501781646
622685.591516391
622672.874483541
622663.175887606
622642.176500121
622631.307306989
622615.600601205
622600.167262691
622571.037927539
622566.210743196
622559.415496299
622554.230362317
622545.004488075
622526.247737852
622500.30700598
622491.556365076
622486.780231794
622478.569751256
622465.164848425
622442.309675279
622418.12998371
622405.474804913
622395.330427565
622380.092682989
622360.679615995
622333.275935933
622324.048178019
622310.855051386
622299.752008761
622277.396685916
622253.411765807
622241.151813585
622234.500661294
622223.098124305
622207.221095914
622176.84432931
622173.001504283
622165.295357556
622160.655486352
622150.367805285
622133.389013623
622111.897739288
622099.153039984
622080.299978887
622062.982519614
622033.216231803
622027.415231202
622019.802390957
622013.681025929
622003.91609246
621985.0810657
621966.111486796
621939.535160842
621929.499764457
621905.390038771
621910.43652385
621904.480989154
621902.35233539
621891.745276647
621872.937108625
621847.276975597
621836.375295952
621819.663977409
621819.944817568
621818.555693597
621808.22739493
621796.482174377
621784.759183566
621768.376076896
621762.015160286
621752.417233182
621734.584461001
621719.453463559
621699.956785644
621683.230910823
621669.232838479
621649.177843966
621640.855899552
621627.846176387
621608.753846704
621592.468906739
621572.521591507
621556.298858785
621542.736579737
621530.746646674
621507.075450389
621494.947621025
621471.394896219
621463.009615555
621448.361840917
621434.971839429
621423.197070147
621410.221059887
621403.975859868
621389.938490189
621388.563298967
621373.706142012
621376.411124004
621361.010338455
621366.927656698
621360.037490703
621358.953781563
621350.455224427
621352.544834535
621345.457630195
621347.784702891
621341.556556479
621344.370172809
621338.553656906
621342.149878296
621336.417126016
621341.134429651
621335.280876743
621341.492309735
621335.430239
621343.532817257
621337.272623632
621347.671868668
621341.29396114
621354.389614729
621348.013433444
621364.188222441
621357.938584471
621377.545862212
621383.908934951
621393.673081282
621401.42282962
621413.179626962
621425.390914751
621436.855630672
621453.874159266
621464.701885622
621486.786466537
621496.570244838
621523.8918563
621532.176073069
621564.825444776
621571.122848609
621609.124272683
621612.935763853
621656.267465785
621657.102599862
621705.719239259
621738.174155653
621797.236268083
621849.476057549
621862.376811415
621898.60218221
621890.994314178
621929.850931384
621953.273282824
621995.576084208
622031.093112744
622030.016678797
622056.81210631
622067.994672163
622093.144489382
622110.278349575
622121.169873887
622122.241649366
622107.243026539
622110.984296954
622108.755902232
622106.31607801
622101.497728679
622086.124184124
622073.975392379
622044.951660938
622040.395443219
622037.924496978
622033.101660316
622031.739668807
622022.422048774
622004.093880112
621977.094596543
621971.185460825
621967.210799116
621959.418623363
621955.140694362
621939.950963154
621917.143699383
621893.168381411
621882.671236635
621872.637628156
621857.80043504
621840.388168095
621811.088122433
621803.910323615
621790.191840964
621780.373592798
621758.066035138
621733.886824092
621721.590288027
621712.810354334
621698.425984885
621680.920454408
621652.203343385
621644.562324515
621633.885371008
621624.219720999
621607.696612983
621578.199513348
621574.01620624
621565.844055718
621562.560846171
621550.154197237
621536.471134743
621503.666689579
621503.584213053
621494.159329212
621496.304526018
621488.691188013
621475.91247425
621457.934150493
621428.069619095
621424.352733142
621415.551086517
621414.469108202
621400.864819253
621390.300633209
621369.849184857
621341.031333136
621333.031602217
621320.890529299
621306.674521035
621300.88471513
621294.674671149
621279.87582013
621266.040327364
621239.9151708
621229.641446132
621211.046129231
621211.032523482
621207.927456535
621196.604078626
621186.910323612
621168.35336804
621151.069320379
621127.916841392
621116.43204434
621089.980310229
621083.61062881
621066.072846278
621050.469222441
621034.37688267
621018.40414642
621008.00712222
620997.933430981
620976.888076561
620964.394999396
620942.637880804
620930.358216214
620915.139803335
620900.251234281
620891.598772754
620874.260827244
620871.987868166
620852.451338911
620856.156873507
620848.176059314
620841.803270798
620835.745123395
620829.799011706
620828.281192643
620821.242134203
620823.515097755
620815.808476184
620821.057134931
620813.166805684
620820.562099674
620813.008433974
620821.758347556
620815.073937756
620824.471910987
620819.178388517
620828.643039448
620825.228125163
620834.329096008
620833.225610891
620841.694838015
620843.266015577
620850.995166161
620855.526497058
620862.549981403
620870.248864692
620876.715547628
620887.717424556
620893.850290322
620908.228728714
620914.278739287
620932.062796239
620938.262532671
620959.456395941
620965.974691332
620990.578950314
620997.483656447
621025.517771574
621032.748036704
621064.268561568
621071.617967786
621106.73359298
621113.848111578
621152.730030699
621177.019568966
621200.220829881
621227.646592907
621249.203940542
621281.437833533
621300.196345118
621337.763375399
621352.85694554
621396.270123058
621406.90072477
621456.634277569
621516.33802986
621577.797855539
621635.11439747
621673.203232279
621678.1372999
621714.397995654
621746.873799197
621775.079046375
621811.255459614
621836.403372744
621850.329189627
621867.339918862
621874.70711312
621873.137722397
621872.318380372
621863.214145096
621847.308956569
621827.819666065
621816.054895168
621802.547073932
621785.763065105
621766.628988051
621738.396785577
621730.963904631
621705.663139985
621715.017235587
621712.964715936
621716.325001443
621706.523805141
621701.33451195
621681.892311026
621671.927483305
621654.042325513
621637.632985793
621608.375976227
621600.986033467
621589.114431829
621578.290777644
621558.554895227
621532.359521239
621522.294518232
621511.734901579
621498.473757458
621479.453604299
621451.916827328
621443.256588165
621430.710341332
621420.598561174
621399.290321583
621374.688995328
621363.43590011
621358.417822248
621349.61186876
621335.569146403
621315.026409581
621287.297103523
621280.367926024
621271.642415978
621267.087373422
621253.559181025
621239.744128998
621208.924627352
621206.523558661
621199.763672475
621199.320729615
621192.243443829
621180.047389072
621163.612490042
621132.939545918
621130.472492895
621120.761926656
621120.213490677
621109.843261874
621093.020259447
621064.916170658
621057.814252953
621052.530760499
621041.601361351
621032.964544788
621013.503252373
620986.856136842
620976.50836967
620964.079555966
620949.741323423
620931.325183159
620906.112898432
620893.818993976
620873.273808257
620871.654773093
620849.877147845
620853.328258605
620844.172684759
620834.322661677
620827.572230536
620816.049520216
620814.496336001
620800.332214651
620804.156870225
620787.476825825
620796.84713957
620793.873378449
620790.232713837
620790.561263154
620801.960719908
620806.733327463
620794.93432637
620794.949359284
620785.227790942
620777.453000109
620770.039499557
620773.146989996
620761.409404718
620757.677713349
620741.096045679
620742.707482603
620724.646884663
620731.34320193
620725.433685467
620721.97314899
620717.23171499
620715.285614006
620713.809978867
620711.996736779
620712.979728269
620711.779825908
620714.410654076
620714.31039193
620717.823829522
620719.294077346
620723.015153823
620726.49338707
620729.873265246
620735.747612149
620738.385733293
620746.983607324
620748.637725846
620760.221794663
620760.80357739
620775.571840641
620775.126429581
620793.216981682
620791.892297965
620813.395307271
620811.40352908
620836.376019653
620847.683296767
620861.208674213
620873.89908609
620888.599082147
620905.202922762
620919.430810184
620940.17257985
620953.776404502
620978.875032365
620991.616135202
621021.285724507
621032.837549073
621067.289498503
621077.244691724
621116.689392767
621124.572913291
621169.220030057
621174.507363971
621224.566886394
621259.402821152
621281.255569453
621324.088864903
621337.980145526
621385.198700878
621446.107519282
621508.729022779
621566.608306315
621604.123962015
621612.130239799
621645.517565794
621679.287706914
621704.577062148
621741.012320404
621766.791907031
621785.402210928
621795.227194714
621801.868135302
621797.093346497
621795.629212849
621785.217594788
621767.596860936
621739.154878486
621733.733029324
621732.583926759
621734.676763054
621728.316202376
621722.139662892
621703.402181093
621688.084993019
621661.565842209
621653.519506213
621647.977596538
621638.953051809
621630.26708697
621611.778929043
621584.644395262
621577.325316149
621568.50843496
621560.738021682
621544.218710864
621523.307205457
621508.606922564
621474.605466842
621476.392668593
621468.190222332
621464.255731391
621449.617911305
621432.038637659
621404.501301104
621396.126844818
621384.042312979
621372.527936621
621352.716975425
621326.471714245
621318.354747359
621308.296877499
621300.422089856
621282.959144166
621264.407198974
621237.377820603
621229.2486307
621219.792674658
621212.846359627
621199.976617208
621181.294581829
621154.443579209
621147.665500145
621144.953171923
621138.566286515
621134.938478887
621121.936647527
621103.105554874
621076.192956445
621068.80687143
621064.66415541
621056.016765317
621049.46433499
621032.946592707
621003.327952999
620998.877168509
620988.459332606
620983.950579968
620970.70976756
620948.267860929
620924.18497132
620909.525993534
620894.286967043
620888.939530568
620886.005757721
620869.24703861
620860.201317267
620841.462934911
620830.447625846
620816.588536367
620802.0539786
620793.052737362
620775.407253769
620771.316274108
620750.947325591
620751.868662618
620741.319143006
620732.879854974
620723.98300588
620715.706075127
620712.424185427
620702.100869211
620704.61475872
620692.34761742
620700.71442416
620686.62463631
620700.753237417
620702.007230755
620702.466240567
620707.167399718
620706.70379254
620716.601921578
620714.640967446
620729.290627584
620726.025009853
620744.847961567
620740.563962221
620762.881408795
620771.27682767
620782.199465479
620790.807096151
620803.197591626
620813.773423096
620826.343683186
620838.343117587
620851.521311594
620864.443660497
620878.703689363
620892.113983365
620907.954966832
620921.497933742
620939.42148187
620952.828162229
620973.315504476
620986.401520709
621009.893275685
621022.550057015
621049.430259935
621061.609880721
621092.195186515
621103.889072213
621138.422941761
621149.637516575
621188.292419872
621199.025164209
621241.910723792
621252.12570493
621299.299972472
621330.770131155
621358.748360521
621394.821469535
621420.618691339
621461.352854674
621485.584199776
621531.151711536
621553.337146029
621603.897335752
621623.538262428
621679.243474058
621695.842160948
621756.843705323
621769.922758875
621836.377597532
621845.497911067
621917.573975221
621968.036872952
621996.854858427
622060.118696304
622075.214132264
622144.917225935
622223.009400036
622282.988602399
622371.855546069
622443.685988695
622462.028557201
622521.963232776
622572.868845052
622621.793583976
622681.529365574
622716.189492088
622767.282738369
622769.365461895
622808.244044813
622840.175511544
622871.5383492
622908.908215571
622927.838591779
622957.766086463
622951.168715513
622974.658170866
622989.664317528
623008.136218776
623024.894247453
623031.272697233
623039.720651649
623039.017797206
623032.552247366
623021.574742219
623003.289291465
622977.379700895
622970.313736194
622966.887653457
622959.026481831
622951.82878397
622933.871706127
622907.757742857
622899.75417207
622893.607280592
622883.882294217
622871.225297854
622841.300702537
622839.053707002
622828.660894322
622824.395585435
622806.93141666
622789.221434207
622764.132932111
622753.446696074
622741.535921783
622728.797716461
622708.894167584
622682.815671239
622674.959594922
622664.010733733
622656.552812935
622637.460796231
622613.273310431
622608.874161241
622602.865534578
622598.923495501
622588.674977162
622574.996446243
622543.951702583
622544.483136459
622535.625302601
622538.812329103
622533.518168637
622519.824526641
622502.065248968
622491.559327399
622476.501742617
622459.585498075
622432.825229968
622425.326763314
622406.303632757
622412.127614986
622412.385294646
622409.497938317
622405.157345427
622391.540291725
622365.097218008
622352.817108063
622320.271384354
622315.810185952
622315.250490571
622315.876510246
622302.550314784
622297.486963942
622274.170702591
622274.863074922
622262.976123894
622255.243635479
622239.3818752
622225.035725394
622205.203597215
622196.046379562
622173.864078302
622169.612263878
622154.675468819
622143.867534757
622129.583057555
622120.021839526
622111.15997504
622099.69633716
622096.32908312
622083.109994303
622085.156049325
622070.392590093
622077.607400989
622061.578550384
622073.557852437
622072.035195435
622071.391178644
622071.857296838
622071.7421817
622075.741369593
622075.369091953
622082.297157751
622082.0180422
622091.219285686
622091.430873595
622102.236625734
622103.372538494
622115.139775816
622117.652058204
622129.794923962
622134.134419592
622146.152821463
622152.75331287
622164.253646853
622173.516048125
622184.220073421
622196.498866482
622206.241744986
622221.836500958
622230.556106494
622249.70883123
622257.425587657
622280.322006891
622287.110809897
622313.886269602
622319.843894986
622350.593147424
622355.804809621
622390.59629953
622395.104521338
622433.995980388
622457.707920079
622479.195661561
622506.754971993
622526.642669291
622558.833840287
622577.087807012
622614.192583266
622630.310104081
622672.608789691
622686.044663561
622733.809796912
622795.497062696
622832.371005807
622861.905754276
622897.990908052
622911.653938884
622954.444874616
623011.588986494
623069.572176674
623122.806841322
623156.521217288
623163.016505804
623193.207129127
623224.095458158
623246.475102707
623279.55036875
623302.27039435
623292.041936175
623313.947518795
623321.366836487
623327.931444208
623342.209319686
623349.08298796
623351.425477711
623330.821435798
623333.11885781
623326.917472998
623317.537737085
623310.959345304
623298.204055315
623270.424706448
623268.393849943
623262.840255941
623259.491073313
623252.80050388
623236.081459314
623219.059358772
623192.338092865
623184.011104949
623173.998430705
623164.638643823
623148.285273842
623120.306253795
623115.054469301
623105.955078836
623098.885398004
623082.991185177
623055.835088867
623050.037802918
623042.636261998
623034.726151707
623020.591778167
622999.373419187
622973.83693769
622963.787012222
622952.045537986
622941.382871038
622920.608388176
622896.259698281
622885.898051278
622881.397281171
622873.379029277
622860.38731635
622840.593329874
622813.4205515
622807.267545469
622799.054578342
622795.097768479
622781.508163377
622767.999532609
622738.72705822
622735.166465633
622728.860161891
622725.665475663
622718.108647871
622701.796338062
622684.614245585
622657.695234342
622649.484304978
622641.091504673
622631.259694119
622614.19426425
622605.659382258
622593.071938281
622575.818713607
622556.154213544
622538.989440384
622508.956301407
622505.749972249
622484.631653042
622491.915748118
622492.393746958
622488.348659595
622476.503261709
622470.509030402
622453.622440817
622452.48868962
622446.721813324
622433.665124117
622420.973342206
622405.953241448
622391.286309637
622381.528396224
622364.07058304
622359.815463856
622339.775254735
622341.20492942
622331.476586017
622323.493830977
622315.974621893
622307.968666777
622306.46105142
622296.343530172
622300.756403692
622288.705302098
622298.767186683
622285.031733761
622300.297072108
622302.007689895
622303.397574766
622307.703906507
622308.75063515
622316.894187403
622317.216995007
622328.541095133
622328.499230689
622342.304688461
622342.314412644
622357.900542882
622358.420127477
622375.125232577
622376.636651807
622393.873688649
622396.861782375
622414.146436337
622419.07901807
622436.047861369
622443.356322807
622459.772526667
622469.836781828
622485.586444315
622498.725526313
622513.800918626
622530.266477446
622544.739901438
622564.717887494
622578.710770427
622602.328617254
622615.975130664
622643.312580333
622656.722766121
622687.827368855
622701.054524793
622735.960456092
622748.973965681
622787.720586964
622800.385771361
622843.033725428
622855.100172375
622901.745115131
622933.136792816
622961.797157398
622997.103727791
623023.324416495
623063.420068556
623086.939196971
623132.247656315
623152.309386612
623203.255747929
623219.144876101
623276.137440648
623346.376238319
623420.195475536
623435.826817499
623498.257502099
623537.213098995
623600.145764462
623656.434059042
623706.369846527
623740.023823159
623740.917172589
623774.505291814
623802.155292555
623828.703072065
623860.268830613
623873.053753519
623896.566623072
623888.455969774
623904.42497231
623914.537996431
623924.459202919
623934.882074082
623932.126002885
623934.959877691
623918.605385255
623918.449516487
623911.190346724
623906.592411341
623895.047060334
623877.581839694
623850.361062668
623843.517829311
623840.477721455
623832.192956423
623826.535082971
623809.920304716
623781.654908501
623776.06711865
623767.324430245
623760.462150935
623745.00254914
623724.465586572
623698.246444461
623687.623808417
623675.121018697
623661.610357833
623639.862976713
623614.720766672
623603.592365712
623591.897065442
623579.356460753
623558.021440459
623533.384750719
623521.988996009
623514.893205808
623501.613567126
623488.64077013
623459.381280329
623455.234008461
623447.578980893
623443.618346142
623433.509173509
623417.142595598
623397.028174102
623368.58388492
623362.435943591
623351.442311148
623347.755133854
623334.699936131
623316.518380872
623288.311169253
623281.922355908
623276.766147895
623269.117355895
623254.626743919
623249.508329633
623241.378580486
623228.866561061
623213.375993391
623185.773694063
623178.57580664
623154.620157987
623160.324929492
623153.80544154
623152.425023212
623142.258115933
623119.950273107
623108.115081504
623088.333139487
623063.224484826
623051.727951543
623049.610017906
623037.034056199
623031.888930034
623013.148931413
623012.882085946
622991.07031891
622995.843111474
622987.746009928
622978.602465952
622973.385421266
622962.42335161
622962.673411856
622949.055899997
622954.917424644
622938.755283612
622950.272599639
622948.984526545
622946.394517401
622948.58417089
622944.415691172
622952.149436113
622945.900142333
622958.917805512
622950.855104106
622968.740530986
622959.229588933
622981.429601335
622988.871659435
622995.572450139
623005.36245374
623011.829688543
623024.509460147
623030.943937749
623045.917534548
623052.771274913
623069.440603735
623077.18994532
623094.987153502
623104.113551283
623122.527869309
623133.496234992
623152.094133594
623165.334147091
623183.773741212
623199.665535351
623217.701997728
623236.565252826
623254.046378535
623276.135152846
623292.989629476
623318.494016889
623334.713810592
623363.768153195
623379.384282878
623412.076165362
623427.127963579
623463.511221787
623478.019117823
623518.132851518
623532.07368264
623575.960080702
623589.245187333
623636.966336857
623671.313207984
623701.42632591
623739.401321947
623767.671554992
623808.139854649
623834.38810745
623879.710090828
623903.343525239
623953.90279905
623974.322436089
624030.494996196
624105.097580134
624126.243863103
624191.730998235
624195.773774671
624261.758837618
624306.911941849
624385.086546484
624454.877669982
624472.299460052
624530.110311815
624565.616301856
624627.37653619
624682.417175588
624735.100447741
624767.409254221
624771.771984313
624804.016747213
624833.23251144
624858.998531392
624891.88352481
624915.839393551
624928.72976562
624923.160713708
624938.38394053
624949.556030832
624959.3107447
624970.053394656
624967.031519454
624969.412203721
624952.818947616
624952.078361547
624944.15869374
624939.034455817
624925.866105624
624907.037021487
624880.244565522
624872.825623315
624866.431197263
624857.605282891
624846.278087293
624823.969320405
624801.020552691
624789.117678869
624782.575750952
624768.765856666
624754.135076873
624726.1319785
624720.392818825
624710.178919747
624701.48446477
624682.72911924
624657.66305087
624649.801060865
624642.256070162
624633.177412694
624617.951310781
624590.64359913
624585.218790394
624579.60909446
624572.027606011
624562.492683275
624541.427071461
624518.127934668
624507.82404331
624505.287329846
624499.223567026
624487.272820155
624470.214811601
624441.742697653
624438.578428217
624430.268963388
624429.446211932
624416.03014293
624405.672829638
624377.632580709
624374.189773297
624370.691677657
624365.688268395
624361.18690395
624341.415185453
624335.131499559
624321.561366313
624308.605579035
624281.476432445
624276.174453568
624254.953555327
624261.794838429
624256.878903407
624259.163104042
624252.767620954
624238.868137568
624211.47873583
624204.73468652
624191.306676591
624182.577225899
624172.326944958
624170.238317938
624155.843154055
624146.577233185
624126.81091654
624122.904770602
624100.387067865
624101.515317694
624090.522612067
624080.325568234
624071.457714663
624060.557955927
624057.142954179
624043.893746031
624046.011457915
624030.549193164
624038.152180457
624033.964890194
624031.382203883
624029.159784524
624026.714900218
624029.576109932
624025.519522967
624033.091782921
624027.728396127
624039.499300616
624033.224011413
624048.569444799
624041.85532787
624060.07630778
624064.433515078
624073.44144243
624076.945872909
624089.015927659
624093.925709779
624107.068995831
624112.89873569
624127.50840222
624133.83003429
624150.290315321
624156.745341461
624175.419385425
624181.726967142
624202.948920131
624208.907022194
624232.975344363
624238.452648444
624265.625139995
624270.547300407
624301.042175735
624305.374583845
624339.37352872
624359.055988685
624379.334590675
624401.20319321
624421.476563774
624447.521070003
624466.654549273
624497.136977407
624514.876573907
624550.016169189
624566.091376037
624606.06764452
624620.192120311
624665.150137551
624677.022310924
624727.080115148
624788.713212288
624827.263139228
624857.077392408
624894.176093686
624908.997676019
624951.999450939
624962.97770601
625012.180942889
625071.289182065
625110.313912577
625135.935812184
625174.800224196
625183.629462471
625229.835986918
625283.966216677
625339.808579016
625378.992919812
625390.191841256
625426.710604044
625465.070200865
625493.780670811
625535.598455446
625565.048074656
625589.129510536
625601.571557478
625613.550576762
625611.95105882
625615.441552052
625610.429361775
625597.04286691
625581.030066497
625552.711407269
625548.595913759
625544.18504794
625539.867124101
625534.373422133
625517.65366269
625503.179842384
625477.218565095
625470.922475121
625464.823137591
625458.062360936
625447.737800861
625427.709914405
625404.468391836
625394.851196504
625389.726139035
625378.058958399
625365.761105099
625338.09168616
625334.047661467
625323.301706723
625318.042077298
625299.565912832
625276.682329556
625269.882610215
625262.71159761
625252.292575521
625238.284802238
625210.831943978
625206.223689494
625198.453434142
625191.120585605
625178.090622383
625149.173270391
625148.470094881
625140.965094427
625141.020067729
625128.806280049
625118.368544219
625090.28280421
625088.202921565
625084.107683151
625082.206369617
625077.296897042
625062.98574762
625048.923117885
625021.845438283
625017.46849037
625012.236837686
625007.842326546
625001.047063512
624983.124009145
624967.180133922
624943.186101468
624933.556017634
624927.825347459
624915.073665538
624903.670524352
624891.583671104
624882.627046795
624861.012393939
624841.480045476
624823.542977719
624822.772003328
624819.971637844
624824.61979443
624820.241993055
624807.937493956
624780.719810214
624775.009645158
624761.887703364
624753.851919519
624743.593410377
624741.77486959
624728.146345233
624718.280599999
624699.890099936
624694.908045903
624674.163946004
624674.016606013
624662.462399211
624653.886617329
624643.611687582
624635.80882663
624630.986436367
624621.455837345
624622.183353175
624611.093425995
624617.301677675
624604.866244364
624616.308287114
624615.562272198
624617.347918804
624618.132757063
624621.116446495
624626.140949438
624628.490142709
624637.162831607
624639.156552276
624650.785105469
624652.768223259
624666.601705421
624668.97698273
624684.252131174
624687.465397388
624703.451557228
624707.974003444
624724.01585725
624730.325052314
624745.876346375
624754.43513765
624769.08136201
624780.319977221
624793.789934715
624808.090346676
624820.252186758
624837.936133996
624848.783224585
624870.108793562
624879.7346096
624904.895325819
624913.456601521
624942.585546619
624950.262752686
624983.444642407
624990.402847722
625027.690377715
625034.040806009
625075.470130135
625101.52673278
625125.264184958
625155.298445232
625177.506678767
625212.148728579
625232.889223794
625272.396390761
625291.132952448
625335.764673516
625351.900539007
625401.916936716
625467.383612866
625506.343577721
625538.911523226
625553.988090086
625599.34782158
625642.7160591
625710.747561872
625771.982138381
625784.067780211
625833.15460019
625863.563473898
625913.884775441
625957.560650079
625994.40282604
626016.938977978
626040.9186491
626047.877909922
626062.806889703
626068.266564246
626066.009545939
626058.324399235
626044.782092094
626014.049869182
625996.727865239
626001.944013815
626009.583763196
626027.684170531
626039.629242801
626041.682342723
626044.804279104
626037.611157321
626024.566694117
626006.383474537
625978.967009912
625974.48343712
625964.359697033
625960.844373749
625946.953356439
625927.382352173
625901.77300017
625892.869484666
625883.334393391
625871.755396026
625854.030024033
625828.006612833
625820.527633453
625810.332681365
625800.221298502
625781.685192372
625756.590673463
625748.510596116
625739.324710152
625729.647591845
625711.92226058
625686.770463712
625678.894941887
625673.384661747
625663.358967933
625652.933842581
625632.481670728
625607.407892414
625598.552773891
625591.291538752
625584.079542436
625570.019876296
625552.943297256
625524.03480962
625521.116589897
625511.047025285
625510.663395852
625500.482247815
625484.043129833
625457.112528396
625451.824617686
625449.20292133
625442.452111487
625438.083181269
625423.625420727
625393.880588075
625391.639008675
625382.807590605
625380.871678973
625370.300030714
625350.638609193
625325.81698364
625314.549189343
625298.913960557
625297.626410735
625297.501833108
625285.262904907
625277.611310119
625261.653459798
625244.475990243
625224.725512549
625212.919222363
625189.563349631
625182.924587599
625165.845903449
625152.426269761
625135.753730872
625122.905383355
625111.637713729
625096.260093602
625090.518156025
625072.807368306
625072.645359152
625052.792760588
625058.176685227
625051.272298004
625044.918392518
625040.642554115
625033.837426972
625034.887538391
625026.255966357
625032.373352795
625022.041016923
625032.837059563
625021.004259169
625035.976370869
625037.335209785
625040.156010208
625042.582875336
625045.919744776
625051.287139916
625053.996860754
625061.793592634
625064.242501027
625073.948231582
625076.572698301
625087.682141323
625090.972199677
625103.018331377
625107.496418021
625120.068656501
625126.264436185
625139.019810494
625147.444199738
625160.113165317
625171.23672288
625183.623529522
625197.858131407
625209.833176429
625227.518849292
625239.004858655
625260.401804352
625271.354472174
625296.643608354
625307.032660776
625336.324414823
625346.111697296
625379.457625641
625388.575075011
625425.985486991
625434.31825438
625475.7842356
625502.279031508
625526.974707343
625556.826974656
625579.832857549
625614.111741793
625635.013232066
625673.952769443
625692.219864463
625736.067584381
625751.173193291
625800.188818899
625811.631587324
625866.083194662
625873.406135901
625933.56469098
625997.1823069
626046.625839796
626070.871570628
626119.742516837
626124.237168162
626180.100732326
626237.369326793
626284.033859991
626349.088212606
626356.459424285
626405.134904938
626446.432323987
626484.552266175
626532.01821802
626569.54762235
626594.107232884
626594.403427749
626620.034734912
626642.014501076
626661.800049986
626685.937684276
626692.84699664
626708.939061994
626697.892996426
626708.357576548
626711.645037114
626717.077254982
626718.236080764
626711.126287305
626703.26538428
626683.595780652
626659.533703147
626655.934291334
626650.190051546
626646.946514026
626636.86597897
626622.168160469
626592.9427665
626590.014638509
626581.028768473
626576.885155775
626561.869385073
626544.045802609
626516.779745221
626508.941120154
626496.899835356
626486.19936442
626465.652531059
626441.112806557
626431.279106194
626421.538272401
626410.219032859
626391.283737743
626366.10398321
626356.880271033
626350.155266022
626338.613308661
626326.190479197
626297.257610876
626293.991055139
626286.442263495
626282.978611557
626272.743992217
626256.242397002
626229.191282198
626223.65298139
626220.746845803
626214.341222492
626209.850536277
626195.672364203
626175.321646476
626149.807578664
626140.52454446
626135.854725027
626124.920887762
626117.061998401
626099.238280875
626071.557429287
626065.303200536
626054.135032187
626042.69696415
626037.674957089
626034.734199064
626020.233921394
626009.633564923
625985.246469492
625963.391502757
625964.441041477
625962.860487801
625956.600951277
625956.97443756
625949.32029508
625931.89279676
625930.299881084
625921.469971129
625909.300369041
625903.670495098
625888.439095656
625887.229587451
625869.401120043
625872.693758911
625864.19778462
625858.228050104
625850.764111231
625845.021655649
625842.636869205
625834.707164396
625837.583567858
625827.591579372
625835.79171791
625823.924325088
625837.367900539
625838.300526464
625840.374899807
625843.492341836
625845.760229668
625853.592100479
625854.746816769
625866.862925174
625867.233699471
625883.068252005
625883.059646453
625901.942069449
625902.019234856
625923.214127397
625923.883764717
625946.636101
625955.532336829
625972.341389653
625978.374393743
626000.362558379
626006.601505409
626030.528516151
626036.621470691
626062.770253984
626068.453441069
626097.086387705
626102.182120524
626133.540436964
626137.947941184
626172.253496011
626191.861246814
626212.088776548
626233.481645336
626253.635688258
626278.79673263
626297.819814573
626327.075892731
626344.827499881
626378.458394168
626394.801634661
626433.036223415
626447.825618756
626490.843774355
626503.914278356
626551.852700358
626613.920384446
626650.112228797
626682.060449067
626716.601524896
626734.867720636
626775.090524364
626835.958740988
626894.525622069
626911.740920475
626956.140557855
626952.223351532
626999.480184889
627028.586009514
627082.645445947
627128.574535909
627135.347685009
627172.364935798
627191.857064042
627197.471799036
627226.995576045
627261.51867494
627282.858673254
627319.130208072
627317.356858351
627340.759930693
627359.636205839
627374.001662361
627392.544655243
627400.801968838
627400.44687889
627387.097137104
627389.187324183
627385.748676109
627381.724798343
627373.09449531
627355.80714372
627337.64152489
627311.738964343
627303.590555101
627295.038233979
627287.011323342
627273.888483742
627252.755387219
627229.058072352
627218.662221171
627213.718488271
627201.913853462
627191.213601045
627162.771846902
627159.839288048
627152.256004736
627148.231548757
627135.680084409
627117.835401367
627091.734067303
627084.260553527
627074.626856095
627065.23554752
627047.507829382
627022.219976493
627014.628099082
627007.961345086
626998.08537672
626985.259455789
626955.415088894
626954.29183519
626944.648078773
626943.362606007
626931.569014253
626914.371878362
626887.280929676
626881.453921034
626875.416060789
626868.101594459
626858.617964513
626837.979889551
626815.181966411
626809.977022031
626803.397951369
626799.262687786
626786.830652089
626773.154293459
626745.779700937
626741.303726318
626735.610823664
626729.698098443
626721.96668298
626700.864084546
626692.562469745
626677.323289981
626661.457227115
626635.715334119
626628.303429549
626606.626385511
626611.991228079
626605.795428408
626605.129000166
626595.717018152
626578.101107455
626552.646133455
626532.017342634
626531.183976119
626527.173624971
626530.50016149
626525.009884957
626508.231315426
626498.673255226
626472.875007912
626470.324080068
626455.676761175
626442.863536949
626418.654058404
626410.230374537
626395.739148676
626397.009817015
626384.325139621
626390.773851648
626395.563405721
626390.218102948
626386.356015186
626378.957126637
626373.035479999
626370.468966444
626363.337310404
626365.34541443
626357.30236164
626363.512299684
626354.889350313
626364.82880692
626355.983071944
626369.100551126
626369.308446399
626375.525577151
626374.556481762
626384.36758785
626385.388506818
626395.870901388
626398.448242565
626409.826166572
626413.54116289
626426.062938072
626430.525175029
626444.462667249
626449.320965
626464.967790268
626469.918716334
626487.587692858
626492.379335162
626512.396071287
626516.824363227
626539.518503601
626543.419891986
626569.117371075
626572.359295026
626601.376187323
626603.845225145
626636.481393784
626656.731344862
626674.964305494
626697.764976065
626715.423983996
626740.813996384
626756.844915875
626787.18778783
626801.259193872
626836.854582978
626848.639446151
626889.712500009
626898.892075667
626945.595495227
627001.654845311
627037.339813574
627063.010883468
627097.649395586
627108.903046447
627149.808179068
627202.852133128
627255.466856488
627304.167311785
627332.514698401
627338.883975092
627364.47821696
627392.703331123
627409.205338399
627438.154314697
627454.872259911
627447.386248083
627460.710178719
627462.648784429
627473.12845636
627477.219655937
627472.879986755
627463.716503627
627442.910579628
627436.629614303
627423.274363136
627411.327891949
627384.36320898
627381.872920828
627379.451068645
627375.966119738
627372.676375542
627359.935710304
627341.297897003
627316.507979297
627308.879703454
627303.217264768
627293.592330965
627282.276171779
627254.566069822
627252.387698845
627244.354426156
627240.958400672
627227.554393884
627209.701376021
627185.021533636
627176.967619442
627167.183687468
627156.584171796
627137.940026862
627114.220381398
627105.933759906
627098.16389998
627087.923362247
627072.451481372
627046.089282236
627041.9493194
627034.187846474
627029.597503635
627015.653725158
626999.316509367
626972.146120423
626968.459433785
626959.162196129
626956.561525014
626944.122028164
626927.478531008
626900.535824577
626896.52799893
626891.148773725
626886.623208497
626878.282087196
626860.899226194
626837.262988604
626830.483905142
626830.283542944
626827.785144192
626817.838033246
626804.196145266
626775.397852373
626760.47723673
626761.400378558
626767.695781483
626771.549066172
626773.542342117
626760.638291548
626751.373788874
626738.060486023
626724.514040984
626717.613556524
626708.29399263
626690.795009943
626676.152297803
626657.698759735
626633.29870388
626628.342120125
626628.352501609
626628.033737824
626618.079919865
626601.274721883
626578.18844609
626567.931132416
626555.080980357
626555.841195769
626558.5462156
626548.908450009
626544.243574456
626533.87727384
626526.834018413
626522.775822599
626524.430841436
626511.555977937
626509.774714506
626490.24690691
626494.926020084
626487.412654278
626481.321952997
626475.687894288
626469.946830129
626468.771743817
626461.974926558
626464.689396198
626457.196004376
626463.179057186
626455.362819547
626463.97850523
626456.218728924
626466.850683129
626459.520541168
626471.603708405
626470.524076884
626478.190461707
626473.84598944
626486.677066345
626483.091937933
626497.07412232
626494.170254983
626509.431361822
626507.187755504
626523.873851015
626522.305098501
626540.589923021
626539.71994671
626559.809845676
626566.888791486
626581.253181833
626586.792875179
626605.184413676
626613.539045504
626632.021283135
626643.663738376
626661.902999434
626677.281063772
626694.91187921
626714.429717198
626731.063803369
626755.067870632
626770.304534405
626799.074346942
626812.512475331
626846.259755685
626857.511397206
626896.383681143
626948.253096122
626975.572188042
627001.745895055
627027.552786264
627041.826263921
627073.41814409
627083.924595849
627121.493185015
627170.639326311
627179.450201904
627223.391332464
627217.277763821
627264.567170818
627292.91802112
627343.476878188
627385.612948849
627388.929349037
627423.891280063
627441.647146744
627475.406358848
627502.374900841
627521.966301017
627531.127511164
627522.09136627
627531.355940641
627536.165771822
627538.267854537
627540.400280461
627528.613029205
627522.468499709
627505.79704388
627495.923484857
627482.227653155
627467.733426489
627441.234852585
627437.83510314
627435.759654122
627431.717309533
627427.955100997
627414.598850556
627387.725110561
627386.055203117
627382.283167993
627380.948680843
627372.22267683
627358.502715424
627331.63046476
627328.971951427
627320.741547512
627316.147159187
627300.687533243
627276.837403225
627271.177182607
627266.527439654
627258.151997472
627246.365523025
627218.817982332
627216.765578641
627208.918120854
627204.236367574
627190.376857039
627164.621999596
627161.965471339
627157.398914611
627154.150376356
627144.57502639
627129.560905258
627102.820606548
627100.539334157
627094.220494149
627093.214203727
627082.212574128
627070.971968538
627043.027485516
627042.445273685
627037.794338012
627038.311230193
627032.673653569
627020.577964913
627005.497224959
626977.262610487
626976.575306074
626971.496852765
626966.95574327
626957.849178606
626939.339207977
626917.593451532
626907.74200187
626895.914899008
626898.457832022
626902.376271163
626895.152842285
626892.283248828
626877.651428974
626866.280526127
626845.790487275
626840.468043429
626825.672140602
626808.853816326
626786.392109213
626775.135744407
626762.400115704
626760.833208086
626760.727076982
626747.477234964
626741.186118376
626726.268471484
626718.035587999
626708.735705491
626697.099930904
626693.616656177
626690.637965138
626676.360932966
626668.518873642
626653.350192804
626644.53990034
626635.657191892
626632.23403682
626617.208654308
626610.451343477
626589.917279475
626590.165782444
626579.21501177
626571.804634213
626562.018343855
626556.364052637
626551.130590618
626544.951588656
626543.575472591
626537.274481301
626538.977775857
626532.958359328
626536.930863548
626531.585947384
626537.035796481
626532.734350213
626538.933863121
626536.011121075
626542.339375845
626541.0935632
626547.068659189
626547.758220247
626553.052993546
626555.895644961
626560.339360679
626565.51594454
626569.083257816
626576.746101812
626579.533328417
626589.81497601
626592.004159612
626605.027909471
626606.845390239
626622.736849846
626624.408138987
626643.305351727
626645.010631091
626667.072978174
626668.90844221
626694.324245063
626696.271526196
626725.260571207
626740.680793103
626758.570440647
626775.670403894
626794.487522054
626816.178082122
626833.537304078
626860.281190973
626875.449395322
626907.675205749
626958.528423979
626970.733996859
627010.623916877
627011.093294971
627052.805193492
627094.962787929
627126.692411043
627172.676674189
627174.852339313
627206.376944222
627194.536015432
627231.754615944
627253.550802788
627289.499108372
627318.807695671
627339.680302619
627350.580197535
627339.274446036
627352.11339274
627353.549024921
627362.942311705
627364.473444485
627345.871503208
627349.38654871
627343.916772596
627334.484575603
627328.380402419
627315.9149702
627291.848692047
627288.85146551
627285.071224813
627279.890624727
627274.230921309
627259.427604352
627232.742463218
627230.158033481
627224.544863615
627223.213546945
627211.676311612
627198.975503083
627172.444283282
627168.646389454
627160.562442975
627155.68176582
627141.756539579
627115.836353687
627112.685068252
627107.399069114
627102.19578493
627091.042956797
627071.858778261
627048.73166016
627039.656321599
627032.331990956
627020.992831795
627006.105426908
626978.937650003
626975.751326121
626966.311863012
626962.998303175
626949.425698215
626931.340867234
626905.4182508
626899.467229532
626892.383937693
626885.548013178
626873.863264544
626854.338538463
626831.251340618
626822.921927329
626820.411615015
626811.349957553
626805.275817634
626789.040500195
626760.75028579
626758.432528238
626751.314579712
626748.934479358
626734.593012914
626722.893089787
626698.436271114
626692.012000984
626687.733517473
626677.690097641
626669.34290961
626650.551126261
626626.353466016
626617.599822824
626607.022410708
626595.10241654
626578.402488893
626555.034964697
626545.737508352
626526.204950555
626528.453998523
626523.200912703
626514.144063855
626502.699225972
626478.70579765
626471.853119658
626455.821056817
626459.119874484
626443.813626203
626452.33748779
626448.673792557
626445.344577448
626443.792966939
626439.289325702
626443.024003967
626452.745185004
626443.68727405
626449.29240241
626432.255491806
626443.299929225
626441.133705264
626438.006348995
626438.877783529
626434.533440954
626440.36672541
626434.352293952
626444.854143229
626437.503649373
626452.257174777
626443.97243456
626462.45533133
626467.094050864
626474.404432606
626479.618637348
626488.644866792
626496.350424847
626505.736356355
626515.436831694
626525.545114285
626536.742954512
626547.948873506
626560.166693967
626572.84705118
626585.64676023
626600.169114857
626613.167294594
626629.87979662
626642.757400503
626661.981197871
626674.488225119
626696.511875903
626708.463587983
626733.53876312
626744.806421356
626773.148574589
626783.646549028
626815.438776714
626825.10764369
626860.506752746
626869.293765429
626908.438059397
626916.277277355
626959.295379283
626986.756398385
627011.407720012
627042.746020293
627065.270338683
627101.16087011
627121.755377778
627162.513091907
627180.755681195
627226.673402223
627242.131874212
627293.475906546
627305.722811459
627362.729227236
627428.514795712
627474.651474959
627504.351707761
627549.715394035
627561.666430415
627613.731206459
627674.822953409
627717.228210447
627743.07575788
627785.837449265
627793.686406259
627844.360261285
627899.857262637
627942.101741144
628003.868141109
628051.308806375
628056.353407644
628097.759561735
628121.358917189
628161.853804858
628194.421494516
628215.467183735
628239.797845858
628230.50680382
628250.811567799
628258.810590089
628275.638826316
628278.07678411
628287.871738171
628288.287980004
628280.413301995
628268.698696614
628240.348021836
628239.899386724
628237.357245053
628236.204198537
628232.489705117
628218.465294147
628204.158854049
628178.447141235
628173.777452194
628165.838248432
628161.175302265
628147.39541931
628129.448792069
628104.967487248
628097.776774613
628088.463597717
628079.640293543
628061.45927558
628038.734117068
628030.408399803
628024.819098115
628013.615136001
628000.727881745
627974.880304126
627970.393455675
627961.624456589
627955.494494526
627940.737216362
627914.964926006
627912.25676015
627905.487304006
627902.885617469
627889.431817607
627875.575973438
627850.382405533
627845.209712769
627838.775366613
627832.968416872
627822.713264656
627803.508299741
627781.354364462
627772.713679081
627772.018950156
627768.117163004
627757.059225389
627742.68653735
627714.414443824
627699.438338754
627701.31069273
627708.645146633
627714.545362957
627718.67633212
627708.891945136
627702.829552601
627686.626928804
627674.217006443
627658.25237274
627634.998280929
627625.699606729
627612.461914799
627599.910586162
627584.244558099
627576.93439828
627557.553773571
627555.582156229
627532.983605945
627535.928844901
627525.937129334
627515.94828877
627507.833841017
627496.769122016
627493.091991796
627479.845180446
627480.54313185
627465.277149123
627470.306104948
627453.173507671
627462.490744392
627458.52100261
627455.351002743
627453.233281199
627449.738050728
627452.040092613
627446.870489957
627453.582851015
627446.843022049
627457.854626117
627449.733480445
627464.822946244
627455.599680009
627474.435264657
627481.198662359
627487.5751017
627495.474572007
627502.873723081
627511.582101887
627519.055195766
627530.165248293
627538.125855929
627551.144336795
627560.05211527
627574.452128927
627584.793768161
627600.039880207
627612.30807592
627627.881672296
627642.553565985
627657.975249252
627675.492168093
627690.339716275
627711.089908188
627725.010624684
627749.318294967
627762.036654358
627790.157448177
627801.474009047
627833.594225672
627843.376489422
627879.61876324
627887.787399511
627928.223019594
627934.733797729
627979.398469039
628007.855052448
628066.206600472
628085.48928198
628122.273572505
628135.034427357
628169.590124812
628180.046375802
628219.723098397
628271.262940372
628299.491996575
628325.178266654
628352.167551713
628365.946845798
628399.185158285
628448.759461833
628495.521860343
628504.870502045
628541.769582604
628561.445549426
628569.930166234
628598.329796904
628635.111468981
628670.267178671
628699.752492947
628716.515226447
628711.022798243
628728.778178445
628740.838293388
628751.076342513
628761.831732037
628757.614424037
628751.569731446
628749.85074408
628751.288376352
628743.072888311
628738.043959996
628723.005371646
628695.775907599
628693.885922038
628687.155621445
628686.168003415
628676.769144064
628661.485214017
628636.048358515
628631.799916908
628627.853008813
628621.626476792
628613.252189203
628593.012185187
628572.396051098
628565.180780607
628558.776226663
628549.222236899
628535.633495869
628509.641783494
628506.108446619
628499.254639937
628493.446247266
628480.065224438
628454.432043792
628451.696639661
628446.635201513
628442.096677872
628431.592021129
628413.573391295
628390.337879097
628383.076443879
628377.607103222
628368.999513097
628357.603508044
628328.959892564
628330.178056288
628323.144587398
628325.265038197
628317.298222521
628304.153573523
628277.147020409
628275.711667578
628273.152897928
628270.384084943
628266.107415269
628249.768132136
628235.477277465
628212.158981623
628204.692802621
628199.72987188
628190.189093227
628180.893699182
628154.974254845
628152.588685299
628149.683743056
628144.115053004
628138.993031241
628123.86317841
628097.898063185
628093.432645993
628083.329945308
628079.545822204
628067.018416854
628042.506265406
628037.985857744
628016.366204556
628024.038891161
628019.170217843
628019.759463893
628011.578667914
627992.75986166
627982.346032433
627964.500098443
627949.597121538
627932.477170503
627918.625789022
627895.545061777
627887.79443833
627870.880600015
627874.508168967
627857.836507876
627867.134365783
627863.87786057
627860.341218987
627859.792580286
627855.233332783
627859.780491066
627853.258746327
627862.55781251
627854.337922787
627867.958913617
627858.352591112
627875.798676998
627879.358681041
627884.718327616
627889.121994691
627895.285712245
627902.484037822
627908.20946723
627917.826111087
627923.406324877
627935.069120025
627940.836458129
627954.188274539
627960.506730281
627975.214409794
627982.469763885
627998.230493758
628006.817972092
628023.362664405
628033.674738365
628050.769042681
628063.183411547
628080.624439561
628095.492944123
628113.103261388
628130.743210258
628148.362169743
628169.050205667
628186.523877307
628210.49437656
628227.665947416
628255.113322879
628271.813071335
628302.89622017
628318.932260724
628353.78243571
628368.935123142
628407.667511869
628421.685710109
628464.409111344
628477.007104889
628523.834827659
628534.695400721
628585.756699642
628620.144147632
628647.75469579
628687.681728145
628710.278000892
628755.21311545
628774.374144473
628824.696518034
628891.686473504
628910.206027735
628968.535268102
628971.050609068
629030.628293933
629070.423451864
629139.250725704
629200.985562496
629258.525927616
629264.560129705
629310.316455549
629336.621051474
629364.594505798
629406.385312674
629440.376986604
629473.067057223
629469.066441099
629493.525190561
629503.755139613
629524.915067677
629538.698663291
629543.40461807
629548.876369718
629533.29769198
629538.321982775
629534.994452365
629535.225091859
629523.865198112
629516.307845473
629498.895056396
629473.013675827
629468.8196782
629460.99032656
629457.706198763
629445.775037951
629427.938245951
629403.889799274
629396.856110897
629390.231507141
629380.713818333
629366.689968459
629340.574023442
629337.073920868
629328.003685689
629321.894785299
629304.673700269
629282.165356232
629274.869594177
629268.9120099
629259.14199749
629244.529763717
629219.412597487
629214.33679156
629207.29004478
629199.500195805
629186.020118003
629159.319199311
629157.786640067
629150.871701334
629149.537098098
629137.012099852
629124.539401492
629098.215736848
629095.571995109
629089.880034868
629088.108152731
629079.706839656
629065.680384398
629039.861254178
629037.36980733
629036.743891946
629033.720365305
629031.967661543
629020.586447372
629003.165045826
628978.982302418
628972.345613881
628969.249572593
628960.054082994
628953.281485015
628935.454771826
628924.386147065
628906.922058228
628887.394087525
628876.705309603
628850.178267565
628848.572763433
628833.562878731
628841.540645668
628847.376295785
628843.674661302
628837.893284998
628831.96998646
628821.407070512
628820.10088627
628805.798283161
628808.999958858
628807.167253086
628797.99594844
628788.370038079
628777.019459468
628765.000849435
628758.840419666
628753.320569252
628735.863971197
628727.455557137
628708.935574463
628700.654463507
628688.503935748
628677.740236497
628672.108309961
628659.072311362
628659.88010998
628644.847856515
628651.779219366
628647.353427655
628645.541131555
628642.796297165
628642.020768095
628644.037052816
628642.259063654
628648.255558006
628645.82346516
628654.9207694
628652.233636558
628663.513369184
628661.007741094
628673.572314611
628671.704676342
628684.734501178
628683.964123733
628696.767263675
628697.538131818
628709.585748285
628712.309697215
628723.257126128
628728.301184414
628737.99159118
628745.668765198
628754.120054271
628764.685657567
628772.061183439
628785.711912851
628792.277338065
628809.156858448
628815.231210437
628835.441332177
628841.343419265
628864.956932475
628870.952463733
628898.03013965
628904.287496487
628934.895310603
628941.446431687
628975.666908566
628996.102981116
629019.038189587
629041.110892101
629065.096950728
629091.482243584
629114.160753718
629145.232905615
629165.809469442
629201.943845792
629219.584792234
629261.143437194
629275.025543175
629322.343988805
629331.7018711
629385.078633452
629443.926387364
629486.854450656
629509.601428854
629552.1880998
629556.250168154
629606.038429605
629656.158780584
629696.760845275
629751.760161414
629755.345235204
629796.697077469
629828.501127588
629860.096189425
629895.302083851
629912.070829855
629937.886007995
629931.252561143
629949.56979046
629960.351150281
629972.068486687
629982.599769579
629980.878203512
629983.481671382
629968.412906748
629968.525079599
629961.693111431
629958.851993547
629948.602147334
629930.452552218
629905.876094014
629900.36609721
629898.384278784
629895.849122601
629887.293057326
629872.979549113
629845.953839437
629844.229391096
629837.233803336
629834.877590161
629821.659184911
629805.803290993
629779.850740967
629773.993539745
629763.355249299
629754.268049027
629734.914251074
629712.295352488
629703.479846623
629694.391353127
629683.679202952
629664.095891297
629642.273257144
629631.651337974
629625.90714962
629612.065278718
629599.012172981
629574.046276543
629568.210932585
629561.271068245
629554.324778217
629542.417863861
629518.242643503
629512.00164031
629499.33239505
629481.446829717
629457.32713646
629450.190553309
629446.202876786
629441.333924442
629431.54327967
629416.960607704
629389.063381757
629388.692037913
629381.115157998
629382.963438475
629374.981284425
629359.819249231
629335.02381876
629329.331852936
629328.003181459
629324.542175721
629312.28662443
629296.882188449
629273.350010984
629264.76591813
629245.694090146
629248.374430587
629227.761083187
629235.433460181
629229.314105175
629228.576420327
629215.700620458
629207.629380088
629189.321413408
629185.729023008
629164.84881107
629165.368641576
629153.767484196
629144.817225104
629133.953481102
629125.166372056
629119.162424601
629107.947373759
629107.161073816
629093.467612834
629098.178483867
629082.00199749
629092.365728528
629090.160776762
629087.277370415
629088.270980134
629084.007665904
629090.668830152
629084.124639937
629096.171500247
629087.606758002
629104.562033134
629108.526874413
629113.990449352
629119.252981914
629125.247232305
629133.906068123
629139.288851072
629150.615177325
629155.937376465
629169.159655936
629175.026603043
629189.379076994
629196.419030431
629211.187039507
629220.017257273
629234.578357749
629245.775359551
629259.630798023
629273.700386095
629286.490014398
629303.843834204
629315.352353924
629336.297128629
629346.447065452
629371.181607793
629380.014376452
629408.638319804
629416.28542879
629448.813437822
629455.455820831
629491.837073167
629497.663160117
629537.810309161
629562.42822266
629585.436478046
629613.256723548
629635.224993368
629666.966579216
629687.877718153
629723.701117101
629743.226596043
629783.324693299
629801.055281877
629845.655930051
629861.115127739
629910.47918469
629923.141494379
629977.558331612
629986.872754792
630046.653426551
630087.784183699
630114.249143679
630164.863173656
630233.767481767
630301.812812277
630368.959197738
630377.672954782
630430.173414824
630460.369489503
630510.262173807
630538.170501456
630582.124875007
630612.776921697
630638.701627279
630650.959968001
630664.769132316
630669.311901908
630666.559012271
630662.154819838
630646.888802877
630634.878057048
630609.563129738
630605.798843997
630604.752879887
630601.179170177
630600.010502073
630589.795627566
630573.117889944
630548.596221058
630543.115600002
630541.852815178
630534.845687512
630530.510846868
630515.217804546
630487.622485577
630485.034735042
630477.116055264
630471.165117782
630454.264701921
630432.165109638
630424.059219445
630419.673622395
630409.749807333
630394.596155097
630368.373233103
630363.668477775
630352.230145825
630344.257744892
630323.011202078
630303.152153339
630293.916819272
630286.265441332
630274.280709239
630258.49337918
630233.333637098
630227.902495987
630222.264422822
630215.487680194
630205.597155507
630186.086748951
630163.916665801
630156.012894547
630155.949114824
630153.255531643
630144.96260615
630132.243105202
630103.616579691
630105.758372421
630100.521432467
630105.646479479
630101.374822548
630091.187165728
630075.939631563
630049.042370092
630047.802490347
630038.978398718
630039.220212576
630022.575075782
630018.872043405
630007.137082797
629995.899607109
629971.207433806
629966.297599257
629947.090059046
629953.115710229
629932.095509483
629943.306645378
629939.764555593
629940.630158183
629926.239716832
629921.317202872
629898.943640586
629899.594969033
629887.729128159
629878.520405764
629862.686396571
629847.848935034
629827.932189137
629819.330161859
629796.833306284
629793.969086294
629780.427513371
629769.722785445
629758.185907139
629748.047984403
629743.093627113
629730.816792479
629732.505984681
629718.172942881
629726.332634002
629723.238605363
629721.899522246
629721.114460202
629719.992422451
629724.602509875
629721.714106719
629731.001093507
629726.562299987
629739.671271414
629734.003722173
629750.000212806
629743.523073948
629761.455370989
629764.939526648
629773.500863257
629774.856049903
629786.334083834
629787.91305799
629800.112072841
629801.502075846
629814.873837836
629815.80769366
629830.812013672
629831.166616363
629848.253345358
629848.034036043
629867.624560691
629866.936916242
629889.408834891
629888.42424477
629914.101905535
629926.03766698
629941.016935951
629954.16139726
629970.918641437
629988.156100215
630004.727687434
630026.331174834
630042.568068063
630068.724586919
630084.404839566
630115.221086424
630130.046957229
630165.562886385
630179.16445678
630219.371026667
630231.315521341
630276.177182666
630285.985224827
630335.46491393
630393.013597189
630430.197695224
630456.972948323
630492.019313716
630504.108221667
630544.378289775
630596.052206862
630646.271652436
630693.148903549
630718.81200156
630724.98057274
630747.802091621
630771.555552313
630785.112640977
630807.903044004
630818.987611406
630807.634650468
630817.596401023
630817.316110078
630822.525763372
630814.331702047
630812.658817994
630801.089275061
630775.121148102
630775.001368939
630773.069308171
630773.49490748
630772.487035582
630759.832692393
630750.525276903
630725.395479423
630722.822369005
630721.74618906
630717.485201226
630714.483881626
630701.229163546
630675.301568042
630673.643420929
630667.414641919
630665.289651248
630651.679973168
630636.419526686
630612.975623738
630605.437903197
630594.74807657
630584.775566086
630564.421255761
630543.65296694
630533.184124509
630524.950386756
630511.619213851
630487.170928997
630483.74076868
630479.589136453
630473.64430799
630463.808813451
630444.013855602
630422.774426333
630413.746065784
630409.839284026
630399.77204552
630390.054223033
630362.896848852
630362.961014144
630358.778503829
630359.788545068
630354.027123824
630342.832009267
630327.279502706
630300.830147784
630299.570166463
630292.681554046
630293.912740237
630285.644943537
630271.838491137
630245.998057946
630243.47099578
630241.724460564
630237.012129447
630232.899585564
630218.692787085
630193.148884638
630190.867704003
630182.494181514
630180.739496575
630168.624634229
630141.310468481
630139.693687224
630130.76873637
630128.213188607
630116.428551976
630091.546335731
630087.67875906
630065.233352414
630073.099616355
630067.754047977
630067.154311897
630057.617911704
630039.524047411
630015.751519399
630003.577830487
629987.604868174
629979.817485262
629971.036057526
629967.351250081
629951.930743732
629945.308021461
629923.408917587
629924.746325583
629914.731867504
629909.277372298
629896.260774522
629873.75666329
629867.695168308
629851.727910981
629857.29958963
629843.010004692
629854.052811671
629852.427911249
629852.210781866
629852.225669523
629852.343784572
629856.150152047
629855.194697416
629862.05196535
629860.291645852
629869.451724524
629867.207253698
629877.960690937
629875.599113176
629887.314859349
629885.238132533
629897.395108848
629896.027106275
629908.236972535
629908.009306494
629920.026049363
629921.362649184
629933.077779593
629936.378491856
629947.803534293
629953.431914204
629964.672385775
629972.946927778
629984.166856273
629995.355251818
630006.737647604
630021.056335092
630032.762481107
630050.380570034
630062.513283687
630083.561410807
630096.133343574
630120.713249154
630133.621842967
630161.8182137
630174.833822575
630206.730211436
630219.496867585
630255.189474451
630267.234017379
630306.841968206
630317.593141367
630361.267223412
630370.084489507
630418.014645958
630451.504270779
630476.087094817
630514.947081834
630533.758254019
630575.86408235
630635.527508789
630650.723302848
630700.386604313
630700.470636373
630751.887680928
630799.238719395
630840.809371297
630893.443739244
630933.296040446
630959.065572586
630962.831443251
630987.390775879
631011.606937059
631028.644960833
631053.329290278
631067.373875639
631054.596169869
631069.823929992
631073.785709544
631075.871094548
631084.345996266
631085.661574339
631073.93064856
631074.406200364
631068.230828901
631063.970368085
631053.502046853
631035.83988731
631013.334899983
631006.02415174
631006.627387307
631004.286435356
630994.108848723
630980.353477111
630953.03996773
630951.823179454
630941.864334136
630939.848139182
630926.078344247
630901.244323317
630896.929881102
630891.139537907
630883.891025625
630870.313747103
630845.101136967
630841.119671053
630832.983175757
630826.113373734
630809.314155497
630786.820459999
630779.337266323
630774.713728061
630764.284005623
630752.99403756
630726.759512548
630724.276386372
630717.565017911
630714.835363937
630704.110330696
630688.541224509
630663.383412822
630659.421093113
630656.44473029
630652.498103385
630646.897265479
630631.051523621
630615.736993345
630590.65910049
630585.794893704
630579.800102015
630575.96966457
630566.60087367
630549.994592067
630526.433967892
630520.404426006
630519.511472732
630516.191449893
630505.872160478
630490.448332666
630463.96292609
630448.287976638
630448.676765481
630452.625959535
630453.481840287
630451.847517659
630434.457185675
630428.583130112
630413.789752747
630400.145039016
630385.768918079
630373.287971182
630349.537140278
630342.811920506
630324.683957377
630328.182697723
630309.840426091
630318.099997265
630313.230869003
630307.291455629
630305.069210124
630297.092029416
630300.287348341
630289.338810108
630298.232004842
630284.368549313
630299.148675145
630302.816921701
630302.339062818
630310.039294144
630325.783263676
630335.473123219
630326.298974163
630331.307689557
630325.630859601
630320.777784014
630317.61723429
630324.059961427
630315.419883945
630314.614044026
630301.292393508
630304.759005222
630290.672395451
630297.994531252
630292.720177849
630293.413163426
630287.033125421
630291.446977865
630287.010566019
630292.39295491
630289.173503516
630295.920697773
630293.243395555
630301.715418906
630298.995235079
630309.508322265
630306.276221887
630319.095912103
630315.01321142
630330.354685973
630325.218876277
630343.252539269
630336.988903711
630357.847943528
630364.503234286
630372.989057941
630380.451119763
630389.361055204
630400.234923195
630407.981453217
630422.515235985
630429.117406644
630447.53160346
630453.007344046
630475.49761666
630479.837886147
630506.578555771
630509.723600605
630540.872831668
630542.694173603
630578.401572442
630601.138723044
630618.947845284
630645.855243807
630693.568342645
630706.551760495
630738.957286473
630743.692345703
630776.623260522
630777.723358963
630816.863024574
630857.712549191
630886.536400766
630899.528449037
630928.147732599
630927.020067865
630962.989734363
630998.268714378
631025.146884445
631062.455202517
631059.972759472
631086.737541941
631104.705933926
631122.664277946
631140.387021851
631143.460819857
631151.269709147
631137.726938605
631141.098894579
631136.1860766
631135.247016602
631126.369838854
631110.445173135
631085.94277938
631080.897464628
631080.683280628
631074.462924135
631072.618205745
631060.341170639
631031.884969955
631032.572803317
631026.994340273
631028.220027683
631020.716985537
631007.347771249
630980.810748405
630978.286691074
630974.035900967
630969.074049548
630960.128051158
630940.778882522
630919.16596717
630909.797295062
630904.561847134
630892.815252946
630879.265891666
630852.373976178
630848.948030117
630839.615065421
630833.630576429
630817.312803643
630793.277514304
630788.466307838
630782.855040542
630777.556077874
630764.863705986
630747.735431898
630722.056885536
630717.692098813
630707.908212367
630704.500770613
630691.027445063
630664.427607304
630663.151048166
630659.175739938
630659.551193624
630650.791500288
630640.906609197
630621.767048632
630598.033015894
630591.020430722
630584.578949398
630579.491957383
630564.904581617
630549.758635839
630537.382621823
630523.572387975
630500.622083445
630493.179793929
630479.894949179
630456.064137239
630452.150841497
630447.719390961
630439.781757109
630431.955776379
630413.942768529
630390.297453674
630381.603543352
630358.801938536
630362.729493754
630354.113808008
630349.03903266
630333.884044104
630323.314683882
630302.502852874
630297.835513255
630274.01716298
630274.144685308
630261.75989011
630250.356580505
630239.656121905
630227.707626124
630221.918228209
630207.793330527
630206.993800929
630190.818692001
630195.031382653
630187.834752873
630183.974739955
630177.743247426
630174.742408563
630173.54451039
630168.638969081
630172.32865189
630165.628944881
630173.922178052
630165.631520863
630178.114748169
630168.534219142
630184.682128323
630187.128665211
630192.390134103
630195.044655321
630201.799678873
630206.847949036
630213.56440295
630220.490452396
630227.608378056
630235.892527704
630243.894316196
630253.038294866
630262.428376721
630271.976132127
630283.257138638
630292.810697148
630306.461048594
630315.692034595
630332.146815578
630340.801446381
630360.437160699
630368.333109754
630391.455737859
630398.471490183
630425.312899833
630431.375569576
630462.097945403
630467.164541448
630501.867467522
630505.902392533
630544.636257087
630567.918594568
630588.689521839
630615.665643093
630634.518058489
630665.897554536
630682.950447368
630718.911573094
630774.062592419
630789.675161276
630832.131009573
630837.11583807
630879.495753737
630881.483501618
630929.211598634
630961.308683345
630980.106280391
631020.242916307
631031.098141241
631075.468690283
631081.807996048
631132.656145887
631186.568377047
631227.39701489
631247.055499595
631287.969699908
631290.081027223
631338.681097613
631386.10582948
631425.987900039
631478.554559471
631481.165570692
631521.974960906
631552.274460586
631584.212172915
631617.848637448
631635.301163696
631659.365114958
631651.063159924
631669.80180512
631676.857386702
631692.354917225
631700.002055136
631700.12681025
631698.021615237
631685.159331463
631673.971350687
631648.538962495
631646.170783988
631643.277329679
631641.022498216
631635.987726123
631620.972986106
631605.487084232
631581.24544515
631575.696212962
631567.782997263
631562.268176757
631547.879322987
631523.409518257
631520.391245569
631515.970142875
631511.226237139
631500.443618415
631481.533468576
631459.941596296
631450.818485356
631443.481920212
631431.214988487
631414.756113957
631390.409731428
631384.821827488
631373.871328976
631366.897595009
631348.992677313
631326.471343206
631318.97655691
631312.532996678
631305.005394713
631289.707325994
631266.577384424
631261.324030632
631260.300414601
631253.105802166
631248.953676419
631234.429389864
631207.497478692
631206.41637168
631200.431939588
631200.292382002
631192.082461718
631177.515161708
631153.086442015
631149.16066892
631148.686131637
631142.310959668
631139.8880721
631127.030566558
631101.910873044
631099.447811593
631093.859704907
631089.043581011
631074.992629162
631070.205533631
631061.178903027
631046.195402167
631028.645394853
631008.698120753
630996.617655504
630981.534085407
630980.096992692
630975.205766335
630961.909149777
630951.391930814
630935.895894279
630924.007404282
630913.241922754
630898.421971123
630892.2705372
630874.847117154
630873.211782258
630853.515731226
630856.302797313
630846.776102439
630839.887658745
630831.266434909
630825.011725649
630820.86139097
630813.033266062
630813.337717511
630804.103973165
630808.76247881
630798.32554146
630807.140281767
630795.742375726
630808.41910166
630808.032324146
630811.336276582
630811.215033423
630816.447303134
630819.426986183
630824.43719284
630830.131930636
630835.18365677
630843.143961346
630848.558050359
630858.289036973
630864.43588777
630875.418950811
630882.708197978
630894.4277816
630903.295900226
630915.262543211
630926.1540045
630937.921908554
630951.270144257
630962.452432877
630978.664722297
630988.944854551
631008.390000425
631017.525159338
631040.522119098
631048.337197312
631075.147584436
631081.525474376
631112.355256751
631117.224157847
631152.227824645
631155.540505141
631194.82809286
631218.471379701
631238.244322499
631266.244884442
631283.143497804
631315.93447316
631330.593717678
631368.386676778
631380.50172263
631423.480398137
631432.732231582
631481.058277397
631487.119438684
631540.938678998
631578.654627395
631644.243296042
631703.12412434
631721.742359355
631764.30432231
631761.992008001
631807.542251418
631837.578446452
631888.344786687
631932.477984242
631970.549635768
631990.508491138
631992.671416455
632011.76570944
632031.503423542
632043.129960428
632061.625482418
632069.413289963
632054.275175127
632063.871742844
632063.669664828
632062.205124236
632062.777667179
632057.246106459
632043.846228133
632018.711672951
632017.00930386
632012.613618679
632013.63784383
632003.681700672
631994.691872947
631968.924353643
631968.144501168
631964.716255261
631962.722078766
631955.771944684
631939.488865051
631917.580920619
631911.065220223
631908.009211146
631898.592802081
631888.475840979
631863.159467911
631860.734557602
631852.513655232
631848.292273712
631832.492581134
631810.543075722
631804.637889424
631800.980567137
631792.383371307
631781.727262551
631754.339723846
631754.722389346
631746.750569821
631746.262368504
631734.990582227
631718.979707602
631694.053500801
631690.116399302
631684.68892217
631679.808219575
631670.106331594
631652.437962719
631630.342200615
631623.941699768
631623.711946524
631620.955275249
631612.57147404
631598.908814873
631572.33136561
631573.140894009
631566.682170674
631569.830068616
631563.09733416
631548.724022006
631525.463413437
631520.355275401
631520.305880878
631517.715328618
631506.309371373
631490.894605224
631479.719551028
631465.437305271
631442.360042833
631433.741081131
631409.648052207
631394.718339197
631399.639859083
631403.3790228
631402.170775842
631409.047148765
631406.649837511
631400.408261616
631388.564630403
631374.214396411
631366.92080454
631348.633593888
631346.674981704
631336.820512303
631323.371265126
631308.652070489
631293.787472366
631278.380615877
631269.390876318
631258.608390946
631238.70832606
631220.912731638
631206.110088195
631207.269758103
631206.774325249
631206.847932901
631209.162123015
631209.214957476
631216.48503369
631215.377424641
631226.98828347
631224.887794773
631240.125572489
631237.236643933
631255.333201316
631251.902599658
631272.0843028
631278.173999607
631289.615933985
631293.718573982
631307.997051794
631312.858664374
631327.347353782
631332.650762923
631347.613012778
631353.141133632
631368.897606003
631374.526929096
631391.4461359
631397.130814685
631415.618100126
631421.370541492
631441.854403775
631447.719232022
631470.634188726
631476.659445407
631502.428772239
631508.637761632
631537.658349679
631544.025198162
631576.654990222
631583.083672071
631619.631024744
631641.968000145
631665.135002249
631690.149282952
631713.459180126
631743.260507278
631765.188594974
631800.05204669
631819.998053498
631860.11557965
631921.036685072
631978.907665505
631997.731884496
632040.653674651
632039.214808131
632084.083777306
632111.389153362
632162.356349426
632204.628603554
632212.787257018
632244.564448785
632233.806256134
632270.382786843
632289.583399139
632325.151951567
632352.219118832
632347.228508856
632370.403518356
632379.209204813
632397.992137976
632399.247062665
632410.758760101
632410.546037173
632397.323323861
632395.538223239
632386.503116771
632380.351572406
632366.52168887
632339.317985163
632338.486785642
632332.313582481
632334.146785424
632329.408320027
632315.086892611
632299.308698806
632288.453952772
632271.374477064
632259.463197601
632245.857031201
632233.730592406
632206.55464025
632206.9301522
632200.403360905
632200.331941544
632187.583995788
632174.455176495
632149.90215439
632144.533500407
632135.231724646
632128.129773822
632110.51087291
632088.273955529
632080.804421138
632074.89087615
632064.878751267
632050.697476675
632025.040117059
632021.371641456
632013.076928974
632007.785988751
631992.08807886
631968.684613354
631963.823544198
631961.632533867
631955.566711482
631949.019995207
631932.259029177
631908.173453224
631902.708583316
631899.794173279
631895.602381365
631887.253693269
631872.646018975
631846.125525785
631845.385796875
631839.565416686
631840.853457113
631829.609478367
631820.822602284
631795.047874143
631792.879525687
631790.622525705
631786.103151783
631781.715486873
631767.438230681
631741.514476784
631739.408477132
631730.698958784
631721.171638277
631719.705789042
631716.477804862
631704.911339561
631693.451368056
631670.712586931
631662.958785788
631646.945766427
631649.664810038
631648.184449806
631639.628261928
631628.855995993
631618.787218364
631604.14455912
631599.695621077
631591.583905431
631575.899408012
631562.923975153
631546.037281928
631531.77518524
631521.00613627
631503.380483956
631498.824121034
631488.987994694
631473.774999508
631460.097366275
631444.013835258
631430.093367056
631420.205744953
631410.785290186
631389.968070425
631380.269575604
631358.06789104
631350.33213812
631333.513745126
631324.368089122
631312.394460491
631302.159454784
631294.354856215
631283.386461202
631278.980754944
631267.660866338
631265.836965312
631254.561762673
631254.507693401
631243.676053374
631244.635525709
631234.636627279
631235.952766498
631227.155124075
631228.30503753
631221.047451658
631221.662454339
631216.24626884
631216.118474837
631212.806016071
631211.881991514
631210.89682028
631209.254087616
631210.782751929
631208.596157354
631212.795523092
631210.296542501
631217.302316574
631214.732545774
631224.669118524
631222.234769373
631235.226644352
631233.05769295
631249.240787299
631247.357512462
631266.887968578
631265.176208726
631288.235424869
631298.189477503
631311.808925236
631322.708505031
631337.684770115
631353.038030955
631366.263566245
631386.505502825
631397.179237351
631422.718646968
631463.202843064
631469.778404487
631501.242267311
631496.155846017
631530.66086598
631549.630307842
631587.28874636
631616.15529559
631615.509552626
631637.61804581
631645.775366435
631665.103325759
631675.904720511
631679.584268518
631674.237930571
631664.825179115
631645.175736385
631624.468924354
631620.665048961
631614.466997968
631612.683941185
631599.289508565
631588.048106639
631577.247145288
631569.569068873
631552.084122605
631536.300638413
631513.754461241
631504.934704761
631486.958363585
631492.606205836
631490.470012054
631488.590987957
631480.616987674
631463.599834563
631441.336948876
631433.296658005
631431.325729767
631424.914238831
631411.248518648
631386.058833743
631381.907986473
631376.849036023
631369.325094854
631357.763202132
631330.412972898
631329.109242743
631321.117864808
631317.307619175
631302.872578688
631278.421701855
631274.983584601
631271.0573182
631266.699355965
631256.926817008
631240.440437104
631215.354398086
631211.432498698
631204.67255276
631201.617596269
631188.763863417
631174.984900039
631148.72194966
631145.920910512
631139.525655758
631138.056895111
631128.52823156
631114.775936874
631088.613741263
631086.378813983
631084.106415656
631081.129545593
631076.462339119
631060.19220346
631044.695012571
631021.281315408
631013.572416592
631006.340482107
630996.667881488
630983.291368118
630955.641018489
630955.013948704
630948.973208288
630941.322950122
630929.025228554
630901.030629991
630887.850075617
630887.560940196
630893.837052003
630894.023642105
630894.869714699
630880.200848875
630874.368318655
630851.977713973
630852.612173231
630841.168973192
630832.25513549
630816.096188076
630802.474520926
630781.683228481
630774.964782239
630751.363912984
630750.657884552
630738.507163218
630727.22950686
630717.915728807
630706.01112587
630703.17877287
630688.756588158
630692.39081806
630692.339502625
630685.435368166
630677.732127002
630669.849187776
630659.821295404
630657.805571549
630657.492769857
630643.989734145
630639.263973844
630623.679571263
630618.619907938
630607.519081396
630600.575753177
630593.313295356
630584.915339614
630580.76718185
630571.448965739
630569.655370375
630560.031232555
630559.844397061
630550.575359919
630551.302822281
630543.059330639
630544.102913788
630537.52987729
630538.415997981
630534.09848337
630534.492841625
630532.926002564
630532.636941661
630534.207607431
630533.177631529
630538.154620183
630536.438975276
630544.974402842
630542.710669968
630554.851351007
630552.220916787
630567.927305328
630565.113442901
630584.287682446
630581.437245333
630603.956364779
630615.012210586
630627.909580628
630639.422973794
630654.31284866
630667.219867155
630681.444703857
630697.977817506
630711.054958041
630731.442431671
630742.819274171
630767.337166714
630776.416651242
630805.381864147
630811.551241051
630845.312335622
630847.973928067
630886.899518891
630928.246577781
630955.856880645
630970.195464389
630996.877238812
630997.715951208
631031.157033535
631065.992684371
631089.935245533
631126.045801754
631124.951561157
631149.12798066
631167.507196698
631182.478226645
631200.412050776
631209.867398775
631209.335231106
631199.477177184
631201.407391831
631200.075789288
631195.798747966
631189.991595291
631172.358063273
631158.510415575
631136.396869915
631129.1440616
631127.139861749
631118.528672268
631113.475551587
631098.441404797
631072.674328068
631070.31241995
631063.272285039
631061.50027634
631050.815993269
631033.293653351
631010.896019041
631003.230892523
630997.465515541
630986.436434056
630972.56555195
630947.094237151
630943.569131491
630932.821813461
630926.482361461
630908.172260404
630887.257701638
630877.209146522
630872.317454445
630859.268785005
630845.507499182
630821.826662301
630816.270066877
630807.533388585
630801.072091846
630785.380769393
630761.779780082
630758.550897424
630754.267152974
630751.876308768
630741.91959671
630728.912594324
630701.946247972
630702.67386075
630696.379359313
630699.175687465
630692.237433075
630680.319714916
630662.301552693
630638.654868916
630634.779283961
630628.397138242
630626.676560855
630613.185604185
630601.288129171
630577.911400421
630573.080083727
630569.027143367
630561.71280408
630553.209923896
630533.817226127
630523.233275194
630493.409943131
630490.47304
630493.585473587
630499.023563176
630488.887133964
630488.774723638
630466.869381699
630471.667352087
630463.287538818
630456.910946723
630440.664667833
630429.816281038
630407.110922861
630402.850101443
630387.595235749
630373.267428803
630353.382299494
630343.451907126
630332.190354835
630332.386158898
630321.390575994
630327.524439656
630331.752189908
630327.073123091
630322.725115907
630317.134511114
630309.971803588
630310.638970408
630314.826235088
630304.792037078
630303.290644124
630292.165112653
630289.483092516
630284.11942257
630279.266408992
630279.181852218
630272.487782183
630277.027978001
630268.922865557
630277.302518621
630268.299457622
630279.653077468
630270.323814461
630283.762329826
630283.293978092
630289.373652317
630286.532482407
630296.691846
630294.318211648
630305.770741655
630303.458313397
630316.551346876
630314.02041223
630329.0657107
630326.16267994
630343.431287383
630340.115242786
630359.836213123
630366.247586245
630377.533470976
630383.447143788
630397.123788289
630406.245378186
630419.453790569
630432.05694872
630444.776707154
630461.081463567
630473.28270578
630493.457813612
630505.078422226
630529.247600036
630540.175134159
630568.428776621
630578.487997256
630610.897431349
630619.843524037
630656.476070774
630663.992784604
630704.925138016
630710.629297736
630755.960769956
630784.809907453
630841.721883564
630859.266448706
630896.4626819
630905.465446711
630941.91938402
630946.794096061
630989.165869424
631034.676586241
631066.555271296
631082.845328605
631114.504631695
631115.873332047
631154.998066906
631194.054478745
631224.337541711
631266.069598115
631266.092250519
631296.990149651
631319.410409145
631341.739476998
631365.221133921
631373.093217041
631387.407765519
631377.450487181
631386.592493346
631388.201781819
631391.654926795
631390.099085401
631380.135280767
631369.998252459
631344.784933409
631344.083227069
631342.51829998
631341.405075448
631338.739129435
631324.076956156
631311.472341811
631288.762772846
631283.273936146
631278.632301473
631271.503610231
631261.081127312
631233.921656727
631235.223516907
631227.770397348
631227.62254715
631215.91458892
631199.269680684
631175.374679264
631169.85905992
631159.746105281
631151.685846038
631131.631518554
631112.478959099
631102.161652233
631097.805016253
631087.095505377
631071.543059718
631046.980345259
631042.745824395
631035.718583644
631029.354472417
631016.199999681
630990.799582973
630990.439094725
630985.282816901
630985.950231983
630975.32785389
630965.402521641
630939.985966657
630939.001045116
630935.79333692
630934.692823717
630929.342010677
630915.042926762
630899.705794566
630876.430585116
630870.831419856
630864.969321078
630858.634451294
630843.0469569
630838.865125972
630828.21330095
630816.235964003
630791.815461755
630788.228835145
630771.72718018
630780.27061502
630782.452676854
630780.904847844
630777.17830152
630763.584078438
630738.334829605
630734.444542799
630724.143405648
630716.094079829
630709.444965329
630707.355877447
630692.677882905
630686.338221627
630664.421087543
630664.575234823
630652.838585673
630643.703074919
630628.512054824
630614.255588434
630595.188357733
630587.435519438
630565.836468141
630563.780102883
630550.901830386
630541.144862621
630529.750763076
630520.761688469
630515.150637329
630504.22345258
630504.208682865
630491.51410467
630496.738938923
630482.497634352
630492.448980378
630489.650521403
630489.480308266
630487.45439312
630488.350819444
630489.635945489
630489.744401662
630493.71277178
630493.327804307
630499.331761889
630498.812047973
630506.220991806
630505.980526445
630514.214705429
630514.707295115
630523.265607542
630524.967026191
630533.447767296
630536.83545803
630544.946384305
630550.479050785
630558.037592551
630566.136591363
630573.059740914
630584.094737219
630590.381575936
630604.661753639
630610.368365688
630628.137967491
630633.34684064
630654.786115485
630659.574251267
630684.806764875
630689.214648607
630718.318130777
630722.321908367
630755.343212363
630774.312761679
630794.286960473
630815.409518763
630835.410670593
630860.892111102
630879.261580862
630909.330609467
630925.496411863
630960.377748067
630973.744234522
631013.656488118
631023.633695252
631068.791753114
631122.317333985
631156.069810269
631179.526760719
631212.114561771
631220.58846971
631259.558828103
631306.152171779
631352.203025938
631382.083467265
631390.304730076
631417.303633916
631446.60826803
631465.023570298
631494.467640943
631511.794282297
631523.154659372
631523.815984306
631511.918331352
631515.138056336
631513.898855959
631510.8282906
631505.617430729
631489.204782739
631477.297544038
631464.40493758
631455.398114015
631436.953822339
631415.26755306
631407.636368082
631410.081237852
631409.670734091
631401.373051091
631388.858199948
631360.679574034
631360.103084007
631354.790354277
631351.559090303
631341.885459703
631323.729515733
631301.711500877
631292.830678334
631286.694790124
631274.402337075
631259.189752629
631233.85375482
631228.155249748
631217.1550197
631207.983523098
631187.597270546
631166.472598984
631156.587311356
631148.817989811
631137.347402432
631119.700212144
631096.373483207
631088.853917462
631083.137091227
631073.889552463
631062.297937032
631033.443123856
631034.900524189
631027.755483234
631030.590084909
631023.322047597
631011.136076703
630992.582464494
630967.996813426
630963.454422865
630957.341863537
630955.069178221
630943.012434416
630930.821551306
630904.522773787
630901.920315755
630897.006962319
630893.731253913
630886.062114795
630868.191931529
630846.652581418
630837.603592838
630825.362144965
630828.751249215
630832.02862435
630825.530337419
630821.520256046
630805.721157279
630794.344817235
630771.940092075
630766.956545793
630751.193891368
630735.806342587
630714.684199909
630703.449114262
630689.743984545
630687.938956183
630673.640669934
630676.77882246
630675.392652055
630666.604540791
630657.547905316
630646.984566954
630635.582353451
630630.606372341
630626.800146057
630610.800503907
630603.366867723
630586.447522741
630578.633947293
630568.129213497
630564.238278057
630552.360794807
630527.154229577
630523.351128129
630504.164404217
630512.475283223
630508.789798373
630515.263346442
630509.284893396
630505.346993429
630496.825998241
630495.3758197
630485.915697315
630487.735286871
630477.844062828
630482.069590512
630472.291510784
630478.06714355
630468.955915887
630475.488092463
630467.581386029
630474.186148695
630467.98050565
630474.119060365
630470.049947591
630475.35140968
630473.778687231
630478.046155311
630479.246642327
630482.448444639
630486.615832429
630488.860891195
630496.112177177
630497.613198778
630508.001951455
630509.02992013
630522.564222647
630523.399041182
630540.065070444
630540.948343379
630560.734470024
630561.823732687
630584.741766868
630586.073917626
630612.179027344
630624.954883371
630641.893028209
630655.171289355
630673.978341667
630691.190239952
630708.76057789
630730.339711107
630745.928212561
630772.324259288
630818.809323214
630829.991514892
630863.233921166
630864.462839877
630899.028225344
630895.737323348
630936.723257037
630961.116310008
631006.80647313
631012.420360739
631046.431216717
631038.398594655
631077.155753079
631099.266584229
631138.948277838
631170.092422566
631165.237878276
631193.482731009
631206.456418435
631218.637474103
631239.260253364
631251.763483275
631259.530542211
631243.159380945
631248.488129172
631244.57924348
631236.556614717
631232.876387667
631221.512428955
631197.585326316
631195.17599883
631193.450614628
631189.86748396
631187.258173748
631175.181509588
631156.520157094
631133.156351861
631125.253847224
631121.599836685
631111.746280275
631102.984614644
631083.493801033
631060.468488667
631051.904619906
631043.827399988
631034.301399706
631017.005086655
630993.664374835
630986.499867865
630979.793548148
630970.338483928
630955.217126563
630930.350600158
630924.995977454
630917.911669995
630909.631271369
630895.57738667
630869.372265571
630866.733802499
630858.528244263
630855.224001508
630839.712436744
630824.396496122
630800.406351251
630793.458298327
630785.732722573
630778.300695598
630765.032127243
630737.680530619
630737.860647517
630732.026652906
630733.836817947
630723.286599906
630714.815636774
630696.304327635
630672.096278888
630666.472382767
630659.156843986
630655.493381581
630640.358971534
630627.059795898
630614.382879242
630602.168096545
630578.14263284
630572.209891404
630559.73845828
630542.392416454
630529.965524648
630499.16864949
630494.05542924
630497.288053773
630501.59782357
630493.686267737
630491.040267183
630472.216458515
630475.207033401
630466.273772214
630461.583808554
630448.085146819
630436.466252666
630418.381872294
630411.853497032
630390.84927887
630388.99795717
630375.82302377
630366.079968845
630353.448757432
630344.368188178
630336.833403142
630325.52072919
630323.267451596
630309.806618512
630312.937566381
630297.423723204
630305.931045468
630302.292521853
630300.03383747
630298.48078694
630296.14720552
630299.724531069
630295.546790738
630303.950294887
630298.09670754
630310.876505755
630303.616394995
630320.197838889
630323.593506232
630330.537626862
630333.724590868
630342.432087462
630348.011435507
630356.526396825
630363.931690425
630372.70723622
630381.379384676
630390.919883782
630400.333607966
630411.170963011
630420.857846987
630433.526035527
630443.092435908
630458.103813305
630467.242812093
630485.065480945
630493.557249177
630514.594177206
630522.298870891
630546.875586316
630553.721148458
630582.081484901
630588.04596065
630620.353975832
630625.440744958
630661.787959626
630683.564706556
630704.816912278
630729.438161485
630749.985101224
630779.00925663
630798.125597221
630831.683139304
630849.075531643
630887.268828198
630902.617433314
630945.533271065
630958.496445489
631006.218165736
631016.436716269
631069.054708633
631076.158923465
631133.783652761
631174.378607868
631199.216315484
631248.667061762
631264.148394055
631317.40340122
631381.653085016
631424.206866248
631494.091439253
631509.854300165
631555.030195944
631557.616580934
631605.273426697
631652.045009891
631691.255461073
631743.114523747
631745.994981567
631786.714505365
631817.390771045
631849.859941104
631884.440030509
631902.984893117
631928.803454888
631921.875437709
631942.585028185
631951.60964518
631970.154046743
631981.126404718
631984.058295266
631985.969225793
631975.723038264
631968.806975249
631952.169812643
631926.692453844
631924.391373124
631918.65632387
631916.930018236
631903.96546115
631892.607593508
631868.893475494
631865.349665152
631859.944113467
631855.259648849
631843.596436679
631818.803064396
631817.884462823
631813.123820494
631809.703217597
631798.276479485
631774.068467778
631772.631428102
631767.625116549
631763.55782599
631750.831299108
631728.031881977
631724.356962917
631721.471887441
631714.312720572
631705.557608602
631680.227454284
631679.943126608
631674.887057729
631673.418945902
631664.531407598
631649.21245457
631626.866278809
631622.235738149
631621.26130962
631615.590835116
631611.528579171
631597.817230087
631573.185414078
631572.808764743
631569.426180662
631571.86934212
631563.324820115
631556.440867085
631540.077850617
631514.923421719
631512.372257227
631505.862078734
631504.142303901
631494.193037688
631476.400512302
631456.451843229
631447.313439288
631435.829242603
631438.573573664
631425.102224624
631434.161681306
631435.262556236
631432.833531909
631422.387845659
631417.710252228
631402.535595263
631402.251294762
631395.139732379
631381.948680252
631369.685718002
631353.623794155
631340.412627163
631328.66198834
631312.688883711
631305.475647769
631287.00597796
631284.577107714
631263.867917267
631266.447784693
631256.958555255
631249.269970302
631241.775441579
631234.263704457
631232.328137785
631223.023783851
631226.672739676
631215.699599601
631224.775535043
631212.313434924
631226.471772451
631229.49620108
631231.803091282
631236.688222947
631239.432815942
631246.201653193
631248.173283061
631258.141313571
631259.642134918
631272.08332015
631273.491220076
631287.649191931
631289.405504886
631304.539008878
631307.130623352
631322.556436599
631326.493942525
631341.62383343
631347.418647162
631361.787262146
631369.928562594
631383.208481989
631394.141808327
631406.146051634
631420.256816794
631430.929027447
631448.531799995
631457.924777451
631479.258417498
631487.502462518
631512.731744577
631519.997451279
631549.222342234
631555.680644917
631588.949296671
631594.730326573
631632.056125409
631654.731696914
631677.067341837
631702.612489454
631724.425967376
631754.386506022
631774.808255704
631809.389232619
631827.932911617
631867.342262394
631883.454902683
631927.9046787
631940.99345422
631990.701781089
632000.163844319
632055.354607325
632114.557409676
632158.582824676
632183.121478961
632226.228787145
632233.25866566
632283.045315623
632334.827216983
632374.911498391
632431.057659916
632437.743221261
632478.672387677
632512.350226872
632542.891103207
632578.923003728
632604.075284127
632619.463595668
632635.116604075
632635.771938503
632642.523118581
632639.081936512
632628.681138997
632603.456028477
632603.344086463
632607.604162631
632614.152568519
632613.576088012
632609.114570245
632596.792054829
632572.041675646
632574.752049492
632573.10748832
632578.284275047
632572.31491163
632566.881541934
632551.11186122
632529.195770814
632524.466983135
632519.171949169
632513.542892189
632499.385221727
632477.954851223
632473.278508216
632469.357917661
632461.442151099
632449.016178337
632425.626036872
632422.374301124
632415.369236284
632408.296040272
632393.049092537
632371.145424178
632366.737627812
632359.637752339
632353.983497187
632337.582614055
632317.69941745
632311.192023804
632311.097636716
632307.017320553
632297.098211891
632281.036448592
632257.927426274
632255.640387476
632250.273967749
632250.164338631
632238.533738779
632228.756805078
632204.725060202
632203.688184602
632202.022726597
632200.942674353
632197.323272285
632182.988921135
632169.584140314
632147.799297758
632142.169543845
632138.193927401
632130.418344773
632121.595665071
632097.894731304
632095.968924992
632093.389078693
632087.140403673
632080.881630725
632064.15788545
632042.740805328
632034.824773072
632014.052551949
632018.070473006
632009.559811595
632004.020284901
631990.211337889
631978.375793808
631959.635746801
631953.029975379
631931.347448816
631929.085493946
631915.244980842
631904.835823318
631891.364444817
631881.559910971
631873.033155975
631860.93161721
631857.628998063
631843.290872895
631845.411107347
631828.908985039
631836.535444394
631832.067711327
631828.717594454
631826.568910751
631822.924505892
631826.181976847
631820.521989166
631828.894538955
631821.381519671
631834.404501891
631825.309427697
631842.368733824
631845.737816325
631851.269185475
631855.122258683
631861.647896455
631867.947522227
631874.15441586
631882.247332322
631888.609081754
631897.852840946
631904.894811884
631914.692485158
631922.966486667
631932.795449357
631942.851786788
631952.285115496
631964.645793918
631973.364965374
631988.500554097
631996.299129079
632014.611007823
632021.386671304
632043.19362114
632048.930597291
632074.464793089
632079.210910088
632108.621874033
632112.458691578
632145.82242008
632166.969505285
632186.64652241
632210.057882373
632229.678834714
632255.335478496
632273.739199087
632303.77525815
632320.692820503
632355.209878022
632370.320484349
632409.407652717
632422.34554578
632466.093716436
632476.456584407
632524.968441322
632532.328309053
632585.729889244
632621.231427768
632645.213058346
632688.36186775
632704.052146623
632752.887388377
632813.810174746
632874.60668793
632931.215253795
632966.943457272
632975.974223215
633008.937970492
633041.685208514
633065.920412163
633100.072323905
633122.342966297
633138.342798106
633144.672168574
633148.48051407
633141.333562895
633136.869105074
633123.423150257
633096.220058412
633096.868351901
633092.496479999
633097.038714806
633094.292719357
633084.529149618
633072.645042346
633043.902559177
633047.193462081
633044.849051296
633044.315197801
633038.931372882
633024.983824681
633008.557307239
632985.265152315
632978.472878044
632969.056721612
632960.666611421
632942.842018622
632920.804235042
632913.411950129
632905.209601323
632894.864430971
632876.251287379
632855.014346821
632845.591184349
632836.820083267
632824.054789584
632799.428419369
632796.61440638
632790.432858076
632785.342612604
632771.499951142
632747.745314527
632743.731400219
632741.332825758
632735.137338719
632728.508467311
632711.759907978
632687.897397948
632682.948269359
632679.271378187
632676.222030585
632666.985868454
632654.223510018
632626.226478319
632628.012306878
632622.067875412
632626.685369049
632621.669412029
632610.731315082
632595.137293631
632568.859633207
632567.656411253
632559.67748622
632560.565563813
632551.309156915
632534.261180514
632511.940987075
632503.830807597
632501.760424653
632495.582592107
632480.260933234
632458.179767999
632449.902228671
632437.398209785
632439.472262257
632441.163163927
632431.394757637
632424.874880641
632410.079016405
632393.992425701
632368.711921001
632365.117287621
632349.659804285
632355.126468753
632340.857322423
632350.786268404
632347.951822067
632345.557864869
632344.360216253
632340.814337531
632344.570900807
632338.378152597
632347.33280777
632338.655636127
632352.981568584
632342.004960231
632361.770631853
632367.733624581
632371.577135262
632381.453224994
632383.486897538
632398.72039015
632398.94270975
632419.269612451
632417.888373686
632442.878830243
632440.17831838
632469.257822974
632483.297018816
632496.934354958
632512.944844604
632526.390744164
632544.995097939
632558.199243929
632578.774133735
632592.115075733
632614.037957118
632627.94052194
632650.622318077
632665.542262745
632688.456921505
632704.862112992
632727.569007422
632745.920716231
632768.079701145
632788.813966266
632810.18941477
632833.700357527
632854.156704592
632880.78547708
632900.273678716
632930.300225387
632948.835531156
632982.477026553
633000.113331226
633037.528466091
633054.327969087
633095.62466379
633111.62766901
633156.875710168
633172.072724528
633221.319102608
633235.62900843
633288.916477424
633327.66664111
633359.810867046
633403.330338499
633432.307180756
633478.365243231
633505.05436446
633555.958866522
633579.745635404
633635.800628225
633656.062542851
633717.568342427
633733.705606867
633800.951929368
633877.092503837
633933.449574613
633967.415338237
634023.14194059
634035.714496809
634098.440868703
634166.937343635
634220.220475555
634296.944288587
634310.88635992
634367.101333844
634417.760681156
634461.86944525
634518.929145337
634564.673121694
634603.415600915
634632.059914309
634658.431119667
634671.58096348
634689.436712574
634698.882970108
634698.727186105
634699.741384502
634681.859060112
634682.75147306
634676.585819223
634672.413252156
634658.289525947
634646.458124936
634621.043527239
634617.763123128
634615.056431921
634611.447347547
634606.284431815
634589.307378079
634567.039258574
634564.155506428
634559.827714963
634554.779185539
634544.824328393
634525.874712242
634503.734665101
634494.587316014
634486.435628091
634473.621967541
634455.42072364
634431.97007495
634423.619546239
634411.310040115
634400.160412198
634372.222556764
634371.528455551
634364.130756255
634357.381618577
634342.16496787
634317.418248353
634313.961895477
634307.34608983
634303.747851531
634290.002892559
634275.08885707
634250.209368823
634245.252253247
634238.626620044
634234.133979182
634223.790290287
634206.691461618
634183.094072106
634177.556724829
634177.213498286
634171.289462528
634169.041846375
634156.775859109
634128.142531963
634129.447753858
634124.295193858
634126.754048249
634120.867482318
634107.253791201
634089.75098603
634077.536802298
634061.313273467
634038.926645724
634028.705868107
634004.294594095
633987.817008164
633992.53936218
633995.68483595
633993.91840339
633999.785240703
633996.172201789
633989.809515758
633975.598819447
633962.027049036
633950.999985916
633934.183622195
633927.156490503
633907.493411688
633904.569773815
633882.43624955
633883.787749692
633872.568449877
633863.311287949
633853.5201478
633844.434296218
633839.735797739
633828.817980536
633829.474149683
633816.821909094
633822.954793147
633808.687951413
633820.250506393
633819.184307824
633819.279260751
633820.568582111
633820.829051931
633826.985054514
633825.965328013
633836.501818542
633834.401959823
633848.678178866
633845.79218889
633863.052290401
633859.763617188
633879.183869055
633886.898386209
633898.753775063
633904.115821309
633919.740974421
633923.38549272
633940.01236307
633943.612420789
633961.656766865
633964.801850696
633984.695649161
633987.083108823
634009.258628217
634010.693884399
634035.565403994
634035.951942079
634063.901117378
634079.769969585
634095.141153711
634112.390485467
634128.03340984
634147.385774505
634161.71263428
634185.579399916
634198.512566197
634227.160572292
634238.625995674
634272.225463238
634282.133778895
634320.764908394
634328.995242908
634372.664928412
634424.680152956
634456.356387805
634481.921819713
634511.686923876
634525.485885763
634560.612077341
634610.914697274
634658.403139081
634669.006174954
634705.360487147
634724.11649752
634734.042397855
634759.667666814
634795.580108259
634829.357732894
634828.283411184
634856.638537508
634868.470942896
634867.749211248
634888.572366597
634908.391422097
634920.605157698
634938.665901932
634929.831630928
634941.527345163
634944.6816761
634949.419403535
634948.896797463
634939.257271684
634929.091338093
634904.194132599
634903.064572986
634900.725663138
634898.899961308
634894.629752477
634879.18358919
634864.801578432
634842.513276132
634836.333178579
634831.020399245
634823.895076434
634812.854769102
634786.05918004
634787.667494702
634780.94894417
634782.291879734
634772.539178981
634757.226228895
634733.53878383
634729.11423493
634722.307578366
634715.183407728
634700.413009304
634677.539847262
634673.323402872
634667.443083055
634660.97342741
634647.218093481
634623.854523935
634620.80199859
634615.6239457
634611.092573531
634598.611181084
634575.095323154
634573.028775875
634571.580434664
634567.61823125
634562.180042729
634544.553015487
634524.780139256
634521.840481468
634518.444504411
634515.438959517
634506.371752333
634492.905907333
634467.339036218
634467.849764471
634460.778478414
634463.287975624
634455.615873427
634440.469084738
634418.686899337
634413.506401533
634413.92838845
634411.560927117
634401.518156165
634385.708039735
634377.301402406
634363.959855046
634339.614499429
634340.823298577
634334.852739015
634337.024519788
634322.691815217
634320.180382553
634309.064207483
634299.477059327
634278.087119427
634272.96345873
634259.558425297
634264.390414591
634250.304663624
634260.438686711
634258.039358786
634262.809724656
634254.414797515
634250.940444705
634236.975321716
634238.275247472
634220.957505335
634227.389124667
634221.505421587
634216.240201907
634212.349047938
634206.268800494
634207.664901061
634199.318833333
634205.966632847
634195.66737873
634207.413753951
634195.502438424
634212.071637665
634216.914355454
634220.280763561
634227.359575886
634230.843317796
634239.919715672
634242.696397001
634255.311727382
634257.613588982
634273.249825364
634275.338329949
634293.429170709
634295.595584593
634315.557781363
634318.121422704
634339.383945537
634342.683045036
634364.712162816
634373.278721778
634391.8088631
634396.185953144
634420.655442081
634425.120803797
634451.12794337
634455.580095131
634483.322619838
634497.266637466
634516.660439703
634529.489268038
634551.493980753
634567.01532422
634588.434482196
634607.091622338
634627.728700149
634649.939721668
634669.604785343
634695.746193708
634714.247054885
634744.641075361
634761.775956441
634796.684671938
634812.237224853
634851.862322866
634865.59673901
634910.082624409
634921.739511771
634971.181572219
634980.477106712
635034.935008223
635071.740874961
635098.491779593
635142.582801268
635162.400998235
635211.943886838
635227.825051392
635283.028598954
635348.473902173
635392.580561416
635423.277981704
635466.527993391
635479.735573427
635529.716899556
635587.861304713
635647.023234279
635700.951709733
635738.347153714
635743.200750748
635779.833914352
635809.85841611
635838.318895109
635870.624785511
635884.158255067
635887.839548472
635903.813574887
635923.104344625
635932.6105046
635949.891267736
635956.421120715
635956.199764853
635949.950137975
635937.808981474
635912.272983978
635915.470835722
635912.307213756
635918.592044585
635915.446216682
635906.729232104
635892.053549569
635868.540835216
635867.31344987
635862.013492363
635861.226503775
635848.776709646
635835.469509376
635813.095314654
635808.433843564
635800.037456442
635793.998225787
635776.483798313
635757.217825543
635749.501434525
635745.129517967
635734.060279314
635720.300082119
635696.731518851
635693.190408631
635683.125319269
635677.344940934
635660.046856165
635639.609793268
635632.240642797
635627.047078016
635618.943679308
635604.362940644
635582.432635526
635578.127565143
635576.395243898
635570.347243093
635564.294126212
635548.436605319
635525.912868844
635522.503216016
635518.8775823
635517.661659749
635507.291375833
635496.289986817
635472.412872866
635470.913166366
635468.228562585
635465.860108397
635460.620630336
635443.674437257
635424.821258495
635423.654594366
635418.828264734
635407.66891178
635410.773863595
635407.5041742
635400.869817853
635390.145203048
635367.451181876
635363.630808216
635345.374119056
635352.84266754
635348.184987479
635348.940359706
635341.875671041
635325.628376382
635314.512692662
635286.087100794
635287.850322865
635268.199275338
635279.087313876
635276.543175977
635273.284525048
635272.775868593
635267.731368307
635271.869331784
635264.12091429
635273.019556732
635262.753952265
635276.483621404
635277.72247761
635280.294346211
635283.273239535
635285.578617809
635293.559665556
635293.854710055
635306.747041512
635305.247164821
635322.812644872
635319.808954958
635341.664735653
635337.521761843
635363.157698159
635374.082183194
635386.11889981
635398.281442563
635411.082462992
635425.720853448
635438.616104718
635455.174971883
635468.535501483
635486.447440228
635500.668689069
635519.381792518
635534.869348796
635553.871944581
635571.027927233
635589.871891356
635609.082896743
635627.399201741
635649.025195062
635666.533384007
635690.899307927
635707.405288488
635734.791485574
635750.176925865
635780.817421761
635795.027153003
635829.113898968
635842.136030258
635879.822917045
635891.662994558
635933.073605486
635943.730096733
635988.969293405
636018.618756991
636045.870191747
636079.048032164
636104.325352707
636141.93026617
636165.226380914
636207.538217144
636228.453969296
636275.736258283
636293.847128142
636346.343225844
636361.210769759
636419.140327944
636430.32628147
636493.886382064
636500.967500592
636570.335296304
636620.023006095
636700.8045197
636774.541458989
636845.523679209
636857.034373393
636912.112709058
636944.228756126
636996.988747317
637042.578896248
637072.325404684
637109.508597609
637106.490496093
637133.986609768
637147.504660804
637173.567725852
637191.773331445
637203.248967757
637207.866888895
637192.514798608
637201.710243621
637200.821936494
637204.44130276
637200.405056693
637190.454575657
637176.123699381
637149.591384128
637150.168203351
637143.669750944
637146.552324814
637139.192706006
637125.623264522
637100.758977164
637098.158807298
637095.184206429
637090.232531387
637082.037224015
637062.345372116
637042.569890251
637032.5156736
637027.577519154
637014.281371195
636999.480557525
636975.972208033
636969.340359746
636959.422051591
636949.020703894
636921.510095124
636921.703609307
636914.556847523
636911.185010321
636897.908541628
636873.375292709
636871.333240364
636866.735318106
636863.860630089
636852.85793092
636837.910326273
636811.970649081
636809.911542234
636801.814455396
636800.921538266
636790.034682902
636774.141095789
636748.951194965
636745.427685239
636742.388663066
636738.236842792
636732.493970795
636715.246015452
636693.712611746
636692.617839945
636688.767447736
636688.703003923
636678.966621058
636668.665542324
636643.635299376
636640.563344285
636637.073468396
636630.247464035
636623.383880905
636606.17723243
636582.477186022
636574.880817086
636562.544354119
636555.328764664
636538.892818552
636518.839351917
636508.15256317
636491.153385911
636490.750144795
636471.896327948
636475.955205797
636467.373507414
636459.533153114
636451.902412469
636442.726137978
636439.532796633
636427.243266953
636428.634833797
636413.397810453
636419.529991024
636413.787821806
636410.159745948
636405.625491644
636401.785054185
636402.53911183
636396.145585856
636402.274284925
636393.512114934
636404.947376835
636394.084178118
636410.591258353
636413.73922512
636417.32389389
636422.64332744
636426.066083435
636435.541084397
636437.946774978
636451.025091918
636452.81190714
636468.841027787
636470.460683572
636488.725854424
636490.665767996
636510.433351327
636513.195730736
636533.756511077
636541.000543657
636559.120062596
636561.682933011
636586.451965001
636588.725022707
636615.458391606
636630.296365078
636647.30447378
636661.433765
636680.152167337
636694.885556842
636712.519830499
636730.314087936
636746.750476905
636767.875872884
636783.064432638
636807.743049882
636821.678005994
636850.086890774
636862.781620677
636895.059126643
636906.520589702
636942.776142858
636952.979082289
636993.303749755
637002.169050908
637046.649597312
637075.440291196
637100.821491897
637133.702233161
637156.271539364
637193.928551782
637213.866745451
637256.610265423
637273.36471899
637321.495341507
637334.507656081
637388.309876115
637451.577709234
637494.306601765
637522.554653325
637564.52319762
637575.110469267
637623.965862383
637680.250970505
637737.930796806
637778.668707049
637790.655343761
637828.353655196
637866.7393569
637896.037890027
637936.927164451
637965.249456071
637987.397493947
637998.958392856
637988.712581935
638002.908123121
638008.343116631
638016.111600699
638019.576601828
638013.742834542
638001.538479995
637999.118626547
637994.476392001
637986.275830158
637975.37719136
637945.10939289
637948.97428234
637925.655839431
637941.007592266
637944.729087047
637947.941858786
637951.473290233
637947.340080659
637933.045535986
637908.7391921
637903.175800764
637899.042097077
637892.06902841
637879.688912011
637852.144951358
637850.637046305
637842.078292729
637837.658800783
637821.237362853
637798.654107154
637791.586277465
637788.052269919
637777.560734712
637767.316762754
637741.297038257
637738.137957762
637731.468363007
637726.532338913
637714.823586951
637695.701318969
637673.125207698
637664.612719262
637660.796850493
637650.947702709
637642.19596577
637623.457092252
637599.246171224
637593.315594803
637587.193115532
637583.476884044
637570.363095235
637556.70134121
637531.227112713
637527.13802306
637521.854951614
637516.881865435
637508.244397106
637488.506416191
637468.168738565
637463.257230846
637455.880159851
637450.687065462
637433.48450872
637420.495210044
637403.091255796
637378.677852048
637375.256308349
637375.293174856
637362.316891968
637364.53445317
637355.888325274
637351.174770537
637337.078063074
637315.228231651
637306.793252896
637288.825534253
637290.562466212
637271.822744681
637277.999601201
637271.13069955
637264.58617738
637259.364782541
637251.656188677
637251.234695235
637240.966243047
637245.537830735
637232.876333477
637242.570085351
637227.699368118
637242.551671082
637243.625242239
637243.45638019
637247.831385041
637246.304406989
637255.743567184
637252.460200339
637266.722854858
637261.876784694
637280.567020059
637274.42625412
637297.010187
637305.159829517
637314.646861107
637323.817950712
637333.961888747
637345.649139525
637355.535319188
637369.155279614
637379.159294488
637394.119891857
637404.668515367
637420.398682685
637431.953707607
637447.931756589
637460.971417668
637476.747716418
637491.745953296
637506.957886218
637524.364281148
637538.74367948
637558.967450322
637572.339957083
637595.735857593
637608.008989559
637634.867553682
637646.013722667
637676.559927218
637686.594161616
637720.989927032
637729.94307837
637768.29580022
637776.187073855
637818.561551457
637845.436437155
637870.115669449
637900.55042188
637923.461044269
637958.347439208
637979.414101389
638018.9550237
638037.766961912
638082.151891824
638098.266070602
638147.674411379
638160.630281982
638215.234714698
638278.749249562
638321.653631209
638351.072056499
638392.619738615
638405.284955182
638453.06747239
638510.26889982
638567.94721874
638576.373094011
638626.37413715
638655.600819571
638687.869614894
638732.921929414
638771.203175584
638804.805105638
638827.397728946
638835.746418836
638845.507489281
638846.86510868
638838.938607364
638830.673983895
638804.349607288
638805.504546679
638783.231542538
638801.498442883
638807.331258151
638819.734693359
638819.377298597
638823.809160395
638817.727676247
638803.502750088
638779.913508693
638776.600854569
638776.040101563
638774.483868951
638766.113309816
638751.41622927
638727.502232526
638724.55211937
638717.016214507
638712.412774116
638695.906227681
638675.600652674
638668.543070435
638665.225765625
638654.836561372
638642.636632709
638617.631984296
638614.868579641
638605.959810781
638599.722297301
638582.437163517
638561.591126892
638555.448643287
638550.170654731
638543.024998473
638529.032063649
638506.244354079
638502.743908667
638500.892590414
638495.86831853
638489.761304034
638471.553632775
638452.010681593
638449.131326864
638446.399833165
638443.945113159
638436.237232618
638423.447346279
638398.040327372
638399.263563044
638394.189229649
638397.251039181
638390.438779137
638377.613204047
638353.903064664
638351.734872286
638350.934283609
638345.520655254
638336.71877778
638332.156406362
638326.957797081
638312.87921886
638297.990688911
638279.042835022
638268.970015583
638254.604892937
638255.473568578
638251.235808942
638240.43876483
638227.823986507
638208.668001123
638199.776497694
638187.270078947
638188.06579838
638174.589149731
638180.170703923
638163.351609059
638173.629773713
638170.446072489
638166.324169311
638165.524600795
638159.477764096
638163.660638841
638154.771537569
638164.081213608
638152.446204972
638166.96143598
638170.543431854
638183.156999669
638182.257553381
638184.699779864
638177.564275424
638183.792143902
638174.416469185
638185.834246894
638194.842293069
638193.987561403
638193.975767509
638190.583458015
638188.579198429
638189.382215232
638186.543747483
638190.99408865
638187.79330777
638195.231127508
638192.176573494
638201.869463243
638199.483908452
638210.671793344
638209.468430895
638221.409207564
638221.868265982
638233.880180086
638236.429735854
638247.928633647
638252.930509069
638263.456278491
638271.197483566
638280.429890376
638291.122231286
638298.882858204
638312.666761093
638318.907193367
638335.862786896
638340.642992094
638360.806837846
638364.263293868
638387.646955603
638389.953660565
638416.564334952
638417.89283053
638447.75509467
638463.17244627
638480.059350517
638496.86527904
638514.04889948
638534.69395688
638550.533709295
638575.370317192
638589.499054574
638618.895093061
638630.868808036
638665.194266424
638674.50902364
638714.123101369
638720.237169534
638765.476785418
638767.83457648
638819.002798974
638852.077984971
638870.867074494
638913.334031803
638921.908880568
638971.21648497
639023.615042282
639063.094628542
639119.312215591
639160.954229624
639164.668293374
639200.589614983
639220.100101641
639252.277055847
639275.817129079
639289.223179856
639302.493059782
639300.427610221
639303.85876299
639296.622778355
639281.818379095
639260.38411953
639255.914951824
639257.701321492
639258.610026307
639251.723532963
639241.527993021
639215.513272403
639218.345662976
639217.531320659
639218.832093045
639216.199315206
639203.357172819
639189.837349788
639169.096157685
639164.1152703
639158.342975582
639151.629457046
639138.032219241
639116.192852796
639113.668447552
639107.468833944
639102.559388473
639087.06885824
639067.902510835
639062.157554955
639058.131845591
639049.482429147
639035.48383188
639014.552131078
639009.68949894
639004.371592101
638995.881392317
638982.406681464
638959.662878497
638958.089447569
638950.511659249
638948.762851447
638936.394337326
638913.783097739
638913.171342035
638910.863761603
638911.407729843
638902.920195033
638892.859428612
638869.126443004
638869.567767449
638866.898849336
638867.505790048
638862.191706145
638849.217897559
638827.999436622
638825.520303406
638828.115987904
638828.621017274
638822.169998896
638810.651810995
638787.445054332
638781.688933925
638758.418983799
638744.87848174
638753.711468585
638762.198152776
638767.311521962
638778.327399126
638779.873718224
638772.329009902
638766.762613733
638748.968329042
638748.994812997
638737.845515177
638728.564866521
638709.368163212
638702.844163116
638693.399800468
638695.41298256
638686.666319535
638693.193164448
638681.694713282
638692.697103333
638693.301158208
638694.164001922
638695.760001488
638696.752141488
638701.123725859
638699.981679491
638709.252623398
638706.036844328
638720.246835705
638715.036543488
638734.115902369
638727.024359665
638750.781240795
638762.109427986
638770.293003236
638784.377707083
638791.371768203
638807.464542981
638813.001030824
638832.701874107
638837.013073463
638859.817865291
638863.231159298
638888.562342358
638891.491646346
638918.729325366
638933.751542343
638952.218567116
638965.274705984
638987.153807263
638998.720191363
639021.57312175
639033.492402421
639057.731311232
639069.692886513
639095.735757608
639107.475497174
639135.731129144
639147.032090214
639177.887483591
639188.574999814
639222.382525404
639232.313880734
639269.381814888
639278.434775466
639319.023281617
639344.634368629
639369.799120997
639397.965634283
639422.23480681
639454.708039204
639477.212309018
639514.253716027
639534.670283969
639576.472157529
639594.487637073
639641.17811789
639703.820658952
639738.344847788
639772.524129648
639786.973562932
639828.949323884
639865.878683834
639929.173061337
639985.635247806
640002.769388326
640043.327852772
640040.382166103
640083.8286692
640109.854131816
640157.493156852
640197.916928298
640203.188674919
640235.422373948
640250.517282757
640255.176201246
640278.350497092
640306.409429025
640320.794657368
640347.860590034
640345.025228032
640360.463755219
640372.448288443
640378.935492476
640387.702297617
640386.403459575
640377.062645403
640362.049989711
640355.435907166
640344.400569473
640331.30113034
640306.728202752
640304.092119951
640302.861771148
640298.427228942
640294.004758137
640279.267567204
640255.256978047
640251.829294458
640247.286871722
640243.596252837
640231.593313411
640215.006644553
640191.079566818
640185.770348421
640175.899554718
640168.740284658
640148.994718139
640129.307027717
640119.532858487
640115.155276544
640104.22685681
640089.146852283
640064.75345942
640059.816752014
640050.002773233
640044.000753037
640026.063668528
640004.311311368
639997.735555416
639993.383771633
639985.9893003
639973.978663019
639947.874345221
639946.475799039
639943.166849577
639940.048240714
639933.165867427
639916.331347769
639893.862129051
639887.78170512
639887.504451511
639884.326418358
639875.056649915
639859.756250098
639833.803528039
639832.158311108
639824.523045553
639824.235634734
639813.866714014
639796.421851016
639773.296836737
639765.48955626
639749.33274977
639754.448435185
639754.02424818
639749.670025474
639742.621859211
639725.810142162
639701.403910764
639682.482672439
639683.591829965
639681.791489439
639686.930060374
639682.840961809
639665.909406285
639658.465463644
639642.498898285
639628.562639398
639613.1791711
639600.614312681
639576.658728936
639570.00808884
639552.153331356
639556.446143826
639538.468704515
639548.075739617
639544.37575267
639539.134532022
639538.307862477
639530.836918844
639535.168170579
639524.851581746
639534.194393167
639542.046015172
639539.01449666
639536.733325211
639531.26365229
639525.917236617
639524.983444741
639517.763442536
639521.071862622
639512.349214736
639519.498476037
639509.703938349
639520.201910575
639509.810859183
639523.099257245
639522.621393517
639527.602551255
639525.863920302
639534.109959363
639534.01400524
639542.954084079
639544.100733067
639554.02713728
639556.035982818
639567.233060796
639569.753486474
639582.494395296
639585.212814731
639599.758967164
639602.404176512
639619.005325633
639621.348423428
639640.242525006
639642.091843767
639663.504819523
639664.697846666
639688.846633043
639689.242627886
639716.339867775
639729.340836679
639744.648761046
639758.463692309
639774.22655265
639791.85492569
639805.894305936
639827.700051735
639839.6936482
639865.997526954
639875.637052019
639906.710228544
639913.70488408
639949.766550517
639953.843713674
639995.063021115
640041.299896413
640070.682910981
640089.38892884
640117.235405904
640123.001043475
640156.807308638
640198.713431619
640221.658328886
640238.391285172
640260.7544651
640265.068885291
640294.465810932
640331.134674392
640366.09781091
640386.170122787
640412.359898472
640406.122713768
640422.693693129
640432.419884891
640440.071642928
640447.62452947
640439.86234832
640437.80837572
640422.091073795
640414.519598115
640402.563491967
640388.63223866
640369.102610026
640342.449294556
640337.726024251
640326.519858257
640324.076632127
640311.112155135
640284.654663697
640275.816473799
640260.522529446
640232.759839946
640232.519282255
640226.788055876
640222.964763154
640211.652730942
640193.609019381
640169.26169043
640160.837540834
640153.350570522
640141.758262464
640125.816449182
640099.283008231
640093.521666437
640082.920910489
640074.272291612
640054.871995275
640031.634368565
640022.736812662
640015.407995335
640004.630750564
639988.504189571
639962.559939544
639956.730252945
639949.874704532
639942.020563678
639929.344255926
639900.435917214
639900.278318413
639893.300553358
639893.614199354
639881.761224957
639870.73368774
639842.989300948
639840.865887697
639835.540646387
639833.177544462
639825.217300014
639809.263862065
639784.188999336
639778.746319056
639777.610605288
639769.968314427
639766.109261275
639751.18680742
639723.864136938
639720.375144263
639711.035063573
639708.097666187
639696.197640209
639675.19719229
639652.356549074
639639.168672648
639633.636475717
639623.683732426
639605.237378626
639580.973846345
639567.147838533
639551.035924124
639540.361430129
639531.13943176
639523.655914459
639502.851626096
639492.350231135
639469.906324696
639458.947744874
639442.07778809
639427.420058704
639416.113944849
639403.903900143
639375.683842923
639371.418549462
639354.607383629
639357.52947009
639353.424484669
639357.881042244
639349.003886594
639344.524051817
639331.157506034
639330.798855574
639315.06745375
639319.318449483
639301.597569498
639310.053747646
639304.887039542
639301.494210524
639297.269467689
639294.448726377
639293.510540458
639289.886983703
639291.847533108
639287.767618425
639292.211848011
639288.04444777
639294.544193973
639290.671163183
639298.802766933
639295.608797999
639304.968439536
639302.829378542
639313.04549044
639312.318052739
639323.061720411
639324.075643504
639335.065978476
639338.117470946
639349.12229028
639354.471063999
639365.303582928
639373.173261583
639383.684242071
639394.264531822
639404.330194304
639417.782437766
639427.291718685
639443.758505763
639452.600478582
639472.215347853
639480.263782268
639503.158773471
639510.25810679
639536.573495029
639542.530411545
639572.424181174
639577.002002314
639610.656503721
639613.572595604
639651.19772354
639673.258266077
639691.799346038
639717.742067636
639732.932132217
639763.832766384
639775.639013118
639811.943851623
639860.914414871
639909.058872589
639916.127908988
639955.008620428
639974.453073963
639980.806429939
640009.363373577
640042.389008871
640061.52565135
640071.037176734
640090.976025155
640088.238285537
640116.699623079
640144.373324711
640164.642092392
640192.845848727
640187.055172943
640207.498461479
640215.252904805
640233.194152343
640242.840510209
640245.021850461
640240.326336193
640221.729943145
640220.57436948
640210.83374177
640202.267916924
640185.3708756
640161.329000348
640157.098103565
640150.193344785
640147.516840213
640132.342113981
640118.556148673
640095.928387699
640089.092236864
640082.804389966
640073.93775881
640060.500818213
640034.829910202
640032.95966785
640024.823743548
640021.335634649
640005.249647271
639983.855354219
639978.009351036
639975.559492868
639967.360861325
639957.393391
639930.451081499
639930.408105194
639923.656675022
639920.76939573
639908.044619345
639883.749713101
639882.595358513
639879.019968283
639877.142467339
639867.476329376
639853.277310789
639828.108813952
639826.454661859
639819.25535393
639818.047097043
639806.646206435
639790.72217104
639766.211825953
639762.642339178
639757.858282563
639753.060599546
639743.646259353
639725.254596451
639704.886048555
639697.028400202
639696.565455276
639691.917718302
639680.151817315
639663.512999268
639639.457731776
639636.44417376
639616.591659125
639623.63539298
639620.028364139
639618.405927317
639603.345751412
639591.000071488
639572.057518063
639550.766097712
639553.616314575
639552.295252061
639545.739776974
639543.82346323
639536.496035666
639518.238912932
639517.090310419
639508.687196985
639492.882001408
639482.148332522
639466.231873951
639455.976043691
639456.038863371
639440.65722102
639455.088516719
639455.616694897
639453.54637464
639457.469770054
639452.609265996
639461.722775627
639453.954345768
639468.182966257
639480.624081875
639482.66240057
639483.443274643
639483.272415069
639480.146212783
639484.794534412
639479.675561611
639488.87584878
639482.14669191
639495.503950819
639487.617415497
639504.625459077
639508.017675017
639515.231568575
639518.497423856
639527.923261428
639533.615931058
639543.29869876
639550.913438875
639561.222445653
639570.245712952
639581.549094099
639591.481144323
639604.135897268
639614.512785721
639628.856407476
639639.267769511
639655.61125154
639665.712514638
639684.335685881
639693.854021125
639715.003286661
639723.736279375
639747.624861729
639755.433404006
639782.246300225
639789.043011689
639818.942464054
639824.672419956
639857.803675841
639862.42454991
639898.926280769
639920.222184866
639940.837303384
639964.560362513
639984.077717186
640011.886573889
640029.540088914
640061.764244291
640077.214328609
640114.159966026
640127.052074868
640168.994609186
640222.489406578
640252.54286156
640279.842650502
640308.431295744
640323.402040085
640358.128016457
640407.61677603
640453.92654155
640496.0753144
640517.792087105
640524.465155509
640543.575383724
640567.104670657
640577.088413122
640598.555620578
640607.746634236
640599.403617189
640605.945899573
640603.382373373
640605.867181532
640601.700466404
640588.215848336
640566.560412947
640562.693105638
640550.409704325
640559.578014485
640569.048792669
640570.744657002
640574.99152213
640568.586055973
640546.768281172
640543.330405582
640532.387955708
640515.658014176
640497.049495609
640492.89667753
640487.105424906
640481.601914767
640466.125554341
640446.334566676
640440.114607683
640438.406887427
640431.452374942
640419.113821595
640394.971136768
640393.540330099
640387.281949936
640382.994175889
640369.03539933
640347.471497729
640344.140416812
640341.244087039
640335.955401586
640326.334416094
640300.966377897
640302.789892155
640298.757831358
640299.905397909
640290.582116442
640279.426354833
640253.692330396
640255.074127403
640249.004047343
640250.896067267
640242.275900522
640228.886232876
640204.707437405
640203.592956411
640200.79164721
640198.421721828
640191.653580554
640175.500574239
640155.430408383
640149.573660283
640150.41352048
640147.438881458
640137.161297736
640121.74200118
640098.4009738
640096.144698467
640086.264265092
640084.468161822
640071.379994007
640048.500768407
640045.288181841
640036.581647677
640029.018048154
640024.546510726
640013.12034862
640014.992417591
640012.00286575
640002.750429805
639991.191933153
639980.610165676
639965.307758617
639960.574339376
639949.706759542
639933.686286744
639914.760641286
639905.020841761
639897.026893753
639898.014857919
639889.988149029
639896.975504465
639903.090336787
639898.866119148
639895.617273683
639890.104276405
639883.407220693
639883.762275634
639886.734560926
639875.658057193
639873.25810106
639860.583317444
639857.145904262
639849.87047093
639844.01945097
639841.779489389
639833.901721449
639836.199551897
639826.740443774
639832.971255597
639822.417988279
639831.90424324
639820.76434662
639832.795702838
639830.99656544
639835.081924374
639831.532892315
639839.041048181
639836.738693701
639844.871972299
639843.455231044
639852.437447405
639851.61944948
639861.659014984
639861.228781515
639872.522066288
639872.336707129
639885.072282735
639885.045062349
639899.40998154
639899.49395594
639915.680240779
639915.848050513
639934.056859455
639934.279016443
639954.725832658
639954.951277794
639977.868936188
639978.005480603
640003.642996337
640017.503375147
640033.087921838
640047.253362583
640064.385667176
640080.178102484
640096.003298287
640115.972278863
640129.973851171
640154.523292116
640166.18302072
640195.656964525
640204.47667157
640239.150996625
640244.672265344
640284.751496156
640286.57073574
640332.191887172
640362.579236947
640415.649272813
640461.69275569
640472.728412412
640504.99548666
640497.112799444
640533.554199669
640553.197054574
640589.75235359
640618.98512864
640616.205918072
640640.475281694
640649.211324731
640668.174041132
640680.133666961
640683.150030029
640679.621893282
640663.371983913
640661.197429902
640638.683346666
640645.824036159
640641.353071327
640639.15086709
640625.460820255
640614.987668495
640603.742265298
640595.378760045
640577.29346823
640557.086405219
640549.135508023
640550.386566348
640547.312293072
640535.160463756
640520.173042337
640495.818461158
640491.785372001
640482.121031088
640478.305486336
640462.880995968
640440.120111601
640434.288091514
640429.24739227
640421.001295445
640407.202193073
640383.110570624
640379.035759648
640371.85212989
640364.759769222
640349.012973665
640326.405828693
640320.75674652
640315.288361193
640307.154127997
640293.972495016
640268.661493987
640266.699477114
640260.380957243
640257.513498702
640244.721323106
640229.445093072
640203.939396692
640201.197573774
640193.07190933
640190.975027507
640178.683917826
640162.163984034
640137.073128371
640133.240402621
640128.108170074
640123.263761162
640113.789005477
640095.297778373
640074.245088574
640066.046655964
640065.578072071
640061.052965036
640048.530615246
640032.145431861
640009.009595889
640002.031586118
639994.431908232
639984.25546697
639969.234014338
639958.772359706
639945.177681602
639921.673696879
639913.880277188
639901.516315765
639889.161495704
639873.877674804
639866.551878244
639854.310547135
639831.244360015
639824.088334013
639812.20404346
639806.728111857
639803.792189878
639805.017858333
639798.374053488
639782.39836932
639761.322283312
639747.784186531
639736.09239703
639725.592132125
639721.378980466
639717.767367371
639702.430153421
639694.564868718
639678.072152351
639669.543044464
639659.063169356
639653.59075932
639638.104771534
639628.693010995
639608.119195209
639605.411731648
639591.697339844
639583.704959524
639569.638307357
639564.488789112
639554.338292326
639548.728708796
639541.845633996
639536.130862062
639531.8201224
639526.33169659
639523.892959537
639518.933838913
639517.701878573
639513.543389396
639512.924816442
639509.807011983
639509.309135552
639507.442509759
639506.691489837
639506.261690518
639505.010744027
639506.185865198
639504.311885761
639507.250767915
639504.73914825
639509.59984148
639506.520149317
639513.468611544
639509.943439175
639519.160802854
639515.329440582
639527.01674445
639522.998154602
639537.379984979
639533.239230126
639550.564714081
639546.283464503
639566.824002572
639576.016379267
639587.035965789
639596.873497535
639609.462823781
639621.521434668
639632.639972551
639649.457060048
639658.463334372
639680.459367494
639686.688019691
639714.216466601
639751.383948525
639767.642463609
639783.989305748
639799.309985923
639805.392960693
639827.356839588
639858.966118877
639887.733900597
639908.520720573
639917.365422297
639909.50832202
639916.739403772
639919.946024311
639918.09184583
639916.057501342
639904.342235573
639876.369332697
639876.716816438
639870.238501902
639872.235903175
639865.979644859
639851.45314031
639826.492938131
639820.944083508
639820.83615364
639820.207314776
639811.637854937
639796.685045748
639771.4447335
639767.121794216
639748.078148409
639757.28172906
639756.455371607
639757.361611081
639750.325436302
639735.556929723
639712.394269499
639706.715096938
639704.159598956
639695.094674094
639686.567928593
639660.658920309
639659.060499182
639652.930068084
639649.471925457
639637.264654201
639619.615716106
639596.291707736
639589.512969091
639581.276281382
639573.192229022
639556.290082954
639533.490437508
639527.557404715
639524.066108244
639516.780727452
639507.671839753
639487.139775714
639466.782082216
639457.581359096
639455.510648663
639448.642141199
639437.055916955
639409.546334042
639410.217199735
639406.74552675
639406.112445839
639399.607100537
639385.239832799
639361.418721416
639357.472497078
639356.122368013
639349.7994686
639344.378304793
639328.061246082
639304.272344206
639299.417900399
639291.737536696
639286.963366214
639269.447301698
639249.550557745
639246.645152243
639239.945786374
639236.18115765
639219.735541607
639204.482130924
639184.482969947
639173.105282578
639167.770951065
639156.54047924
639133.550476709
639126.579394786
639114.328477481
639104.127324773
639089.216370708
639084.966495032
639076.432583882
639061.471910304
639048.178804963
639032.317154869
639017.781851308
639008.182338185
638990.254496018
638986.748880899
638965.678731979
638968.007314343
638958.315324473
638949.34586199
638941.677564873
638931.785482187
638929.297952944
638916.740181763
638919.09060091
638904.012065974
638910.790514872
638905.128465439
638902.301282148
638896.777937449
638894.361197857
638892.417934497
638888.053843201
638889.355151069
638883.329394525
638887.520148922
638880.207333872
638886.92322448
638878.775951168
638887.655517631
638879.186066532
638889.879325244
638881.634143144
638893.810432819
638892.484186999
638899.753870244
638895.520127629
638908.142679552
638905.032921656
638919.269555549
638917.210340256
638933.330276725
638932.228222591
638950.469299249
638950.195796464
638970.767938416
638971.149288633
638994.238371855
639004.071996668
639019.941389295
639029.041929071
639047.878992163
639060.242405555
639078.286707315
639094.219685831
639110.945131602
639130.716161553
639145.620570973
639169.457310979
639182.082064636
639210.173267057
639220.119497647
639252.620286737
639259.558603961
639296.597009473
639340.420374307
639364.964100399
639384.621105366
639407.055871892
639415.593628952
639443.407440618
639481.709609018
639517.937424894
639519.584720678
639548.543539098
639560.475555787
639563.281485825
639582.528085042
639606.552087938
639615.980990289
639623.089757841
639632.951952369
639631.787844451
639649.790143481
639671.225355393
639680.687133212
639700.459150507
639695.248548783
639705.28191566
639690.541338741
639708.881063364
639714.54447773
639728.135273689
639733.297629003
639730.091677896
639722.071908625
639705.108672876
639683.16087443
639679.940209208
639674.446754153
639672.151724486
639658.283559702
639644.3647151
639622.838469483
639616.806872757
639610.220633005
639602.531470767
639588.233723531
639565.210346676
639562.503435522
639556.171949203
639552.111099986
639537.491708634
639516.53921453
639512.191499815
639510.388135408
639503.7598511
639495.060430608
639468.789126396
639470.792960179
639465.111005623
639465.176574378
639453.6598016
639439.94906783
639416.291877409
639413.510082296
639406.856753681
639402.641439497
639389.038766975
639366.561084996
639365.168677894
639363.209368272
639361.89979748
639354.277061954
639341.19326975
639317.232244305
639317.010839576
639312.030551927
639312.499903804
639300.817355834
639289.954056611
639267.529236114
639264.482650286
639260.862148647
639256.033767223
639242.493550972
639239.437500791
639230.052904395
639218.733452
639196.17403179
639193.211152319
639178.253112155
639187.528270407
639190.350597703
639189.566989082
639186.185145807
639172.99684313
639149.067702215
639146.528992511
639138.148892818
639130.744275559
639126.598313261
639125.417341911
639110.921549481
639107.666015803
639095.915183198
639085.905792145
639075.348554226
639068.481703898
639052.694571036
639030.629734731
639025.157514135
639015.318722953
639009.387100623
639002.44389109
639003.038338891
638991.328843839
638986.669544333
638968.842385528
638971.016928846
638962.032035377
638957.421757083
638944.47922128
638926.803526002
638919.029741431
638907.485709386
638909.608632638
638899.13227099
638905.288154776
638893.534899901
638903.01007213
638899.53180329
638901.747649679
638896.751965757
638901.959370234
638898.841857081
638904.108748808
638902.416925682
638908.055218692
638907.399990848
638913.712714156
638913.779886391
638921.059330211
638921.614717689
638930.139590836
638931.023954708
638941.056315195
638942.17475992
638953.961009049
638955.268277077
638969.04018509
638970.518791799
638986.493861927
638988.131057452
639006.516502579
639008.283113494
639029.280570958
639031.10994945
639054.918205261
639056.687925421
639083.506667747
639096.731308172
639113.801464152
639127.444810977
639146.008709979
639163.532969675
639180.636508436
639202.418776193
639217.505840364
639243.887204135
639256.409938349
639287.685590845
639297.127496807
639333.540978917
639339.437260976
639381.179958752
639383.133470843
639430.349348311
639461.93393131
639479.548567898
639518.973234993
639568.093099716
639614.682186838
639656.083268795
639678.922769634
639683.289822246
639703.783740093
639724.908369367
639735.864530525
639754.77288176
639762.171828758
639751.12628942
639757.397129655
639754.537793868
639755.468690159
639748.652860947
639734.083731399
639713.605460818
639709.312868524
639698.439431757
639709.050073033
639718.399153608
639722.096038534
639727.305259915
639722.618624375
639710.354027058
639688.615321929
639686.373404803
639687.832814459
639682.799139333
639680.267351099
639666.132236926
639642.136462964
639640.710295234
639634.841786015
639629.580468724
639613.942434292
639594.863949397
639588.641886648
639586.294677008
639576.774774831
639565.748426539
639542.985069939
639540.498776405
639532.232056885
639528.688976982
639513.490545518
639493.154885075
639487.289426408
639485.571101083
639478.369503588
639469.022898776
639443.809238243
639445.462483024
639441.988359243
639442.473040244
639434.83506372
639422.317145257
639399.232251777
639398.255507255
639397.012561406
639395.403748888
639390.515698536
639376.011486785
639355.268441249
639352.037804987
639354.054746095
639353.562417726
639347.382674414
639334.492977237
639311.024317299
639311.452126598
639306.351723685
639307.563136066
639298.625956851
639282.641176458
639262.303969478
639255.401030325
639253.083107031
639241.159412028
639232.55277232
639213.164233963
639193.174787726
639198.427449652
639200.247329178
639197.856202857
639199.071001637
639191.967960606
639185.033628
639174.697540092
639155.07310171
639147.250655628
639117.746370227
639122.939194688
639116.538941927
639115.833670521
639115.750299842
639113.582524136
639119.157856454
639129.744290055
639121.609031175
639129.047786832
639125.595419606
639122.824376617
639121.431871025
639128.683524075
639120.421378685
639121.546310762
639106.81934712
639113.785971453
639109.069777949
639106.457060176
639103.123627839
639100.753578401
639102.266454892
639098.164239581
639103.998905611
639098.607297497
639108.127662737
639101.934574746
639114.431588065
639107.949724752
639122.684133928
639123.920959508
639132.510161462
639131.175740979
639144.100389951
639143.649602346
639157.525475255
639157.588580879
639172.647750017
639172.93668839
639189.391981175
639189.700792562
639207.749498228
639207.947611011
639227.776985894
639227.796054929
639249.589575712
639249.405182306
639273.348615248
639285.548095576
639300.494605736
639312.037742353
639329.298614897
639341.685346798
639358.266689369
639374.01930717
639389.678535989
639409.153828018
639423.630677067
639447.146045747
639460.161775238
639487.988617971
639499.247102539
639531.608965494
639540.799129474
639577.872780085
639624.545498534
639649.330911939
639672.771635478
639695.628353313
639708.557118495
639736.964907445
639746.206860237
639780.425203255
639824.023552317
639847.183124462
639866.850086964
639889.203318144
639897.062258178
639926.171437715
639963.935555108
639998.885713875
639997.502949044
640027.916837051
640042.331259032
640054.681654771
640077.443243625
640091.660662238
640101.577647154
640090.249496183
640093.803255024
640088.709993044
640086.633392294
640076.418255703
640058.712473467
640038.038711308
640030.670885281
640030.806179241
640027.299469275
640016.523633552
640001.993015472
639976.658773366
639976.322369599
639955.563878536
639966.682163846
639967.259354921
639964.145505927
639962.440856458
639951.303323108
639927.205554502
639926.498012612
639919.996782425
639917.932818872
639905.804142848
639882.28058747
639879.603110183
639876.336803362
639871.110214731
639860.559172756
639835.460323059
639834.968352299
639829.543249006
639826.606153629
639814.185279989
639790.963455542
639788.783322742
639787.060708226
639782.661738352
639775.96022189
639757.698749468
639737.677844099
639730.364898601
639729.543297907
639724.44615897
639714.452052123
639696.781074648
639674.346389078
639670.162139977
639665.344218981
639662.721140871
639650.926402803
639637.792048888
639613.598410136
639610.610742267
639605.583133379
639601.992617593
639593.023701583
639574.76314023
639554.942157936
639545.949455565
639545.792125498
639542.121312727
639527.901251599
639506.25795718
639500.392370041
639498.872282219
639495.195217646
639482.389323078
639458.712744334
639451.589151698
639440.194599635
639441.757270757
639447.000959531
639444.770969233
639432.873053519
639408.617632051
639402.170680361
639391.250982357
639393.090238571
639400.294359134
639401.58339128
639385.097334974
639384.032014216
639372.088122457
639359.980095017
639350.399621597
639342.760598466
639327.566889414
639303.070620532
639298.099828189
639287.648589119
639282.602849828
639275.880734647
639279.800609692
639270.623056789
639266.804655435
639253.408222781
639254.838792028
639239.854114085
639246.152552727
639240.352699474
639238.917124492
639233.073090098
639233.644055711
639231.076135465
639230.945468333
639230.95516337
639230.380348339
639232.260055969
639231.53500713
639234.60870744
639234.061549362
639237.723999824
639237.71068398
639241.456013744
639242.349271676
639245.790342918
639247.969138787
639250.847028152
639254.685909376
639256.867672621
639262.726399978
639264.190996759
639272.4055214
639273.220106794
639284.095504701
639284.383705398
639298.189088031
639298.093917391
639315.060105015
639314.706387833
639335.028277137
639334.489420486
639358.333695728
639357.605004122
639385.117662537
639398.565005269
639413.972198868
639429.140568757
639445.144214834
639464.639606882
639479.139392049
639503.247423739
639515.615275961
639544.592709747
639554.174844451
639588.247453878
639594.398014141
639633.760187414
639635.8731717
639680.690799898
639678.228480051
639728.644227094
639759.636555554
639813.499146048
639822.019515499
639863.003829196
639856.215779069
639900.802054037
639926.862156285
639971.509593789
640007.068360669
640004.714788646
640036.154905502
640051.360422544
640065.573124887
640088.906768352
640103.865475921
640115.551139619
640101.422050791
640109.752322318
640107.467262571
640100.853444884
640099.532171618
640091.866858036
640077.328061698
640053.138452305
640050.476442109
640044.376063032
640044.297456288
640036.321799706
640021.773525812
639997.893152854
639994.53776567
639994.118123865
639989.023377254
639985.074248947
639970.1032322
639946.598902403
639942.333350774
639936.724038471
639930.751853887
639916.550249111
639893.688803499
639888.881549015
639883.341779457
639874.940078423
639860.334082992
639837.251483584
639831.627865337
639824.078819356
639814.357629633
639797.768423063
639775.017200063
639769.165507654
639760.124145452
639752.759121996
639733.780151694
639714.042323101
639705.295828067
639703.86566157
639697.529358811
639685.615792813
639659.709416008
639659.737857133
639658.362444297
639657.57592948
639654.314066842
639640.618944173
639627.235422431
639603.390053147
639599.711623184
639595.399136122
639591.687095813
639583.887995275
639566.38734508
639545.961529083
639538.48863957
639539.837795095
639538.692367796
639527.378389015
639504.1583873
639501.379714264
639487.22240025
639494.967804323
639501.61872107
639498.398277147
639497.984106259
639484.735475811
639475.59972913
639455.856054028
639452.204862031
639437.654343306
639424.017152471
639405.135436882
639394.379432708
639383.993719775
639381.870212731
639371.011535701
639373.531736479
639373.796952151
639363.917663568
639357.772273124
639345.878442669
639338.117247105
639331.681734334
639329.193237685
639315.116017474
639309.738159196
639289.385037439
639291.428539806
639281.885980656
639274.393364737
639266.916870191
639259.813381687
639257.922008184
639249.169112218
639252.438082415
639242.307425442
639250.129872003
639238.948750369
639250.572300245
639249.083943416
639252.402256702
639250.034260401
639255.885384309
639255.478284223
639261.304751899
639262.165994905
639268.281340096
639269.768388915
639276.520814016
639278.075531112
639285.83971849
639287.013438208
639296.178430874
639296.645076381
639307.60081657
639307.160631682
639320.287297145
639318.859604905
639334.515881933
639332.118776402
639350.631204274
639347.353967726
639369.012179592
639377.146571689
639388.693037872
639397.438605365
639410.458549331
639423.240263514
639435.338057382
639452.46105047
639463.494651452
639485.190412164
639494.967714105
639521.395630304
639529.668735225
639560.925185409
639567.390236474
639603.522252503
639607.822327272
639648.843335945
639676.147071072
639695.951486681
639728.16575754
639778.209680585
639822.599372255
639835.143792072
639866.701728162
639860.888477714
639895.836401838
639914.668016956
639950.345205472
639977.020988573
639975.293366567
639996.258399699
640003.773399406
640020.625196406
640030.254999502
640030.673186509
640025.20273316
640012.400962347
639987.235325258
639989.408231947
639983.314215213
639988.449475868
639983.565443291
639970.669620873
639947.307048905
639945.478048622
639947.498019795
639949.828597713
639944.322919937
639935.87529936
639908.212227102
639913.659980577
639912.214698532
639912.797463211
639907.243093361
639893.550313904
639872.412866649
639868.179508089
639867.213640262
639859.615785563
639852.269063562
639828.605393288
639827.831366516
639822.695861436
639819.222174219
639806.975752671
639784.597725613
639782.544048219
639778.479435052
639773.69654806
639762.098417938
639738.91294936
639737.944400055
639733.789257059
639731.267851432
639720.200116769
639704.829925976
639682.238562725
639679.145823542
639672.243064155
639669.582932817
639654.818416232
639634.641213196
639634.920892258
639634.128328791
639634.549391236
639629.812875898
639619.701522584
639594.062308187
639597.864421404
639594.175774197
639599.651231947
639595.113324467
639584.246327587
639566.314542447
639558.419792191
639542.395811587
639521.6774012
639518.029108905
639518.853456541
639518.271406616
639500.413616899
639500.130774027
639492.607044186
639476.116843999
639462.923325772
639447.472155845
639430.003664458
639431.512466307
639428.77799445
639429.13064563
639420.154421076
639395.808587482
639395.906110331
639388.255938837
639383.13718402
639380.234838773
639382.350268147
639376.149384757
639360.848904695
639340.883974278
639329.725395644
639318.467151846
639311.18096183
639307.200630867
639305.827085685
639290.804791652
639286.405112411
639270.295763192
639265.962311661
639255.929199371
639253.68283146
639241.72380495
639233.449508906
639217.473942323
639215.333152064
639197.911178654
639200.454106939
639191.126965721
639187.287802282
639177.39780653
639176.406390552
639169.623834187
639168.398397663
639164.066477836
639162.862743206
639160.329672578
639159.39574211
639158.052122765
639157.630780787
639156.940846963
639157.270971922
639156.795442561
639158.112921593
639157.522708754
639160.062838467
639159.144558791
639163.145482901
639161.795148844
639167.497843456
639165.702603951
639173.351131467
639171.165921599
639181.009147963
639178.526971451
639190.817657996
639188.135736799
639203.129111745
639200.31633776
639218.270064767
639215.338470216
639236.510728701
639244.459419569
639256.738087064
639265.133820317
639279.316193308
639291.907459213
639304.861631154
639322.04470277
639333.219041477
639355.336035424
639364.147620336
639391.477089817
639397.340014799
639430.094342832
639469.003319559
639490.245241006
639506.879957185
639526.863651636
639532.636744431
639558.853269679
639591.683387969
639621.245214403
639636.361832702
639638.841471389
639651.516317286
639666.520613567
639669.561476209
639679.829216174
639678.351041704
639669.58817478
639645.06977872
639629.255923319
639637.142696573
639644.540207385
639660.465106464
639668.082355924
639652.721428559
639661.757409529
639660.451084005
639655.18547484
639652.577847293
639641.565474708
639621.022355599
639618.60556266
639600.093997449
639612.277610805
639613.160309213
639618.124699849
639614.0188246
639602.714831549
639579.758486975
639578.457681722
639577.695124428
639573.452471393
639567.745817544
639551.069532065
639530.949559846
639523.954379496
639520.573582079
639512.033869325
639499.976301195
639476.182594997
639474.881743848
639469.022669782
639466.135142956
639452.868398036
639431.364839725
639428.801210313
639428.439604699
639424.053171832
639418.597475743
639400.469969173
639381.913794862
639377.552267597
639374.315228136
639368.489916055
639358.998348837
639333.90375913
639335.209588851
639333.718155799
639333.340459541
639328.582385151
639314.284575141
639293.21551599
639289.298335893
639290.283989687
639288.295138313
639280.117821143
639265.242009051
639242.184150626
639240.348415828
639233.367711013
639232.136312168
639220.628607526
639196.439386661
639196.592788111
639191.23240981
639192.016103401
639182.772320339
639165.503638851
639145.756428858
639136.744162137
639135.059911681
639128.059730318
639111.839068136
639092.914599157
639078.842773319
639069.363034192
639057.576312136
639055.519000298
639050.674382123
639037.601075537
639027.303172995
639013.007059759
639001.02664301
638992.634124897
638983.478955401
638963.762196276
638947.701058811
638932.642088262
638934.208920429
638933.247037611
638931.180416196
638932.780397771
638942.22363412
638934.757386418
638937.48578336
638923.175226302
638930.254425674
638924.996384713
638922.808532533
638917.618823321
638916.082155748
638914.556745486
638911.313007833
638913.152498479
638908.563039904
638913.432726117
638907.9137145
638915.452638683
638909.460701587
638919.292707228
638913.306957441
638925.052045773
638919.553662335
638932.840065062
638928.293855428
638942.769026892
638943.96205937
638955.234065333
638952.814937537
638970.341640796
638968.701321386
638988.023077422
638994.094518244
639007.804352954
639011.917489085
639029.721488563
639036.198796229
639053.949891451
639063.04433838
639080.419107592
639092.361525002
639109.038765279
639124.040653288
639139.707519849
639157.964095858
639172.318541619
639194.012010581
639206.765290642
639232.070816051
639242.949759448
639272.041777246
639280.788360118
639313.844940978
639320.213543707
639357.420484963
639401.602378191
639425.996606206
639446.422146142
639468.528129469
639478.265256182
639505.673270699
639545.68021631
639581.901340588
639585.357333618
639613.314286777
639627.521760725
639631.539685339
639652.787377895
639679.070216835
639688.950171474
639697.328600225
639707.925013838
639707.150639291
639726.174638795
639748.976464767
639759.714997578
639780.917530697
639790.069590035
639778.850191837
639786.495597795
639784.28604048
639786.034171166
639779.411058892
639765.555980801
639741.215036446
639737.486150018
639737.280692479
639730.778788659
639727.759082853
639713.58112554
639687.463892112
639685.312909818
639677.909048978
639674.886013405
639662.478957328
639636.907592888
639635.126866678
639630.331843815
639627.534027928
639615.606314372
639599.540730531
639574.57225944
639569.69694908
639559.231043082
639552.681379418
639534.796099051
639512.43537066
639503.959350973
639499.641967929
639489.552488799
639477.411818983
639450.069837606
639449.112088296
639441.500872623
639439.565523373
639425.841334866
639411.289787317
639386.049692646
639381.56150666
639373.228830759
639369.091022132
639355.136584769
639329.581746293
639328.578133851
639325.260065529
639325.047539982
639316.573587692
639305.090051849
639276.26708989
639277.987108767
639273.466660831
639270.739024211
639261.493625638
639244.573205471
639221.899539702
639214.090002605
639212.007320227
639206.009274492
639192.031842652
639173.289154606
639148.244103892
639132.346659511
639130.665803742
639132.485608606
639129.951890379
639125.364396021
639110.706726755
639085.092445333
639066.705897394
639068.947967951
639069.07670559
639076.542060814
639074.918602858
639065.001665716
639045.58319611
639024.095122478
639012.255001317
639009.223660904
639000.749600339
638983.908441017
638960.338963333
638948.036829251
638933.901228987
638925.585254659
638919.372786679
638917.433226366
638902.43116007
638897.700207628
638875.758802238
638878.028872921
638867.887935279
638859.075672487
638850.664905543
638841.86314059
638837.968122348
638827.625101854
638827.741343612
638816.14140984
638819.716769244
638807.150416481
638813.614542296
638800.376473016
638809.170045273
638806.552825716
638807.785464848
638803.20903084
638807.537293121
638802.264507319
638806.552161503
638802.574190972
638806.971665827
638804.157711711
638808.85687087
638807.110627538
638812.350473091
638811.595371612
638817.662125713
638817.823937184
638825.047119133
638826.038208043
638834.783401527
638836.487158636
638847.144163675
638849.403071217
638862.374560674
638864.982902897
638880.669625214
638883.367108454
638902.151735672
638904.623303088
638926.859165055
638928.741926127
638954.744398266
638955.636546824
638985.675846494
639021.050913459
639038.195608316
639053.811101415
639068.56262404
639075.785349398
639095.641250246
639099.857128455
639125.113374251
639125.854859309
639156.721262952
639191.003778543
639210.538763333
639221.829012394
639240.22600401
639240.418941648
639265.123581299
639293.656824704
639307.788515735
639335.332689761
639332.918313764
639345.959455363
639334.299309018
639352.771275489
639364.763641557
639373.68823501
639383.718498876
639370.418298942
639376.357911451
639372.162000262
639373.23367367
639367.462422167
639352.1608766
639327.848580695
639321.22255358
639307.157089569
639312.896679692
639320.334643739
639318.359715198
639320.456016534
639311.645604454
639288.690218233
639282.372525126
639270.748848278
639251.393489918
639231.841200011
639226.456811603
639217.729362682
639212.49348609
639197.106121441
639172.739062141
639166.814540046
639164.454867804
639156.087118724
639147.856506727
639127.950214799
639105.842348856
639095.491637721
639089.370609046
639077.049342236
639062.035023096
639035.826808524
639031.704884755
639022.239265803
639016.587219348
638999.215841224
638976.579035742
638970.067500336
638967.448601863
638959.388127542
638951.111164576
638931.917972702
638909.121814598
638900.573300119
638895.901067711
638887.385485764
638875.15297559
638848.211466634
638846.882118061
638843.2691668
638840.296385458
638833.471948199
638816.492574397
638794.041047102
638787.21041948
638786.910459258
638783.340232282
638772.212230787
638756.518007562
638730.122144882
638727.856058099
638706.493578512
638714.050653141
638710.707431581
638709.816675551
638695.857137919
638684.471702775
638662.566959347
638654.060121075
638650.882826675
638643.224692483
638626.13098327
638606.317450213
638590.294695847
638580.40298451
638566.237527694
638563.946015276
638557.562622399
638544.359307307
638531.635483023
638517.364063969
638502.343617244
638494.188754176
638475.259706402
638473.108386682
638462.717626133
638449.324390154
638433.593031455
638418.814194155
638401.809315613
638392.734108053
638379.570278269
638354.628309323
638349.388489948
638335.397206603
638334.549184297
638329.179156288
638325.953963504
638325.147012973
638319.806437739
638323.038303757
638315.922961194
638322.608520339
638314.128977722
638323.654449502
638314.277731642
638326.035329104
638324.352358295
638329.261524788
638325.261062104
638333.787072584
638331.069422494
638340.060079608
638338.408009341
638348.193358962
638347.445092082
638358.350125609
638358.390055924
638370.728151891
638371.472663647
638385.541009846
638386.923736278
638403.001462436
638404.95553747
638423.299969499
638425.738608982
638446.584282681
638449.386119381
638472.947141966
638475.944149034
638502.417393175
638505.387147442
638534.956821356
638552.652688873
638571.234723505
638589.755680922
638609.296060741
638629.598034742
638647.503884565
638672.005952035
638687.707599091
638716.714406349
638729.677464041
638763.452269636
638811.389770197
638856.010574999
638864.806319233
638898.43169237
638914.742966343
638923.102204864
638945.58297556
638977.993597696
639006.323436943
639004.032673135
639026.776821696
639035.128809512
639034.374466922
639050.15038501
639068.358468613
639074.709461035
639077.059677462
639084.05837992
639078.506349403
639093.739854276
639108.807586545
639115.473039537
639128.050960939
639118.494327239
639124.369656172
639124.189873289
639122.287095209
639116.921051712
639099.716035042
639080.252555673
639062.334616261
639068.402544679
639074.023009266
639084.910395928
639082.914809154
639083.292312607
639072.369304574
639045.244831265
639046.799935796
639041.814837235
639040.950875301
639028.546841295
639015.738852316
638992.828667774
638987.908801171
638980.345808671
638973.959016158
638958.634964055
638936.20591962
638932.150078281
638927.593562635
638922.213795221
638910.469468413
638885.922439399
638885.262072144
638882.019900308
638880.192629106
638871.689903294
638856.965048033
638833.587494862
638830.705473698
638826.019341683
638822.838083656
638811.724118055
638796.397227747
638772.584615575
638769.729205846
638763.025619303
638760.478224148
638746.379096191
638732.140688123
638709.627948222
638704.47441041
638698.010763028
638692.042126442
638679.440110053
638654.573122181
638654.976151064
638648.587737145
638649.505299998
638633.014158092
638631.467900865
638621.815139138
638611.366689012
638585.023617168
638580.303292711
638570.288637933
638550.232002498
638551.453625241
638546.199308315
638536.133981725
638526.67193836
638506.877493941
638489.658009282
638494.434515198
638496.829820217
638494.436362144
638498.716432079
638495.519080646
638487.24864816
638477.092168436
638460.60733701
638455.585668542
638443.831366833
638428.289059923
638408.579083792
638399.825429643
638390.960486908
638393.382347823
638384.710024572
638393.310642658
638400.221313617
638397.541065863
638394.762019762
638390.420440007
638384.395342813
638385.234996809
638389.322739673
638377.769555458
638377.393737343
638363.932871917
638364.548689021
638357.589489644
638353.717547767
638347.035092104
638344.558596232
638340.99945941
638338.014113147
638337.137934473
638334.019552753
638335.3853169
638332.495839018
638335.681602595
638333.361474016
638337.978054408
638336.537524806
638342.238785204
638341.95465475
638348.446164941
638349.561531167
638356.602534943
638359.328745082
638366.730433586
638371.252494584
638378.870119697
638385.351897895
638393.072017303
638401.664351113
638409.391535173
638420.242050273
638427.884275944
638441.147243267
638448.600364347
638464.443454394
638471.574921316
638490.1841968
638496.821884242
638518.408302558
638524.335064106
638549.137448022
638554.086326373
638582.368282048
638586.021349776
638618.067867565
638620.062275589
638656.175391668
638676.973525322
638694.340357608
638719.072875635
638733.042829817
638762.964142704
638808.160057832
638818.072085991
638854.034933839
638852.035135589
638890.927968783
638913.927829807
638957.070325983
638991.565951323
638995.533024458
639022.478371811
639034.945558016
639060.7242358
639078.132520732
639089.253477191
639088.83093083
639078.809438176
639079.9085496
639078.10007507
639071.60768493
639063.911054952
639045.889400094
639038.052651279
639024.75519023
639010.344762774
639001.186917263
638990.472071548
638969.736359375
638966.579319232
638958.688143473
638941.942539534
638936.161073484
638922.909795177
638906.906386011
638883.553035041
638880.521578927
638873.905946766
638865.934455959
638849.75587594
638828.441553648
638823.44396365
638816.354281405
638809.211547589
638791.931637125
638772.512680893
638764.627224613
638759.980837516
638748.947852188
638734.685276152
638711.595888124
638707.389692276
638699.375107343
638692.658489675
638676.199565973
638655.124884699
638650.279263395
638646.216357305
638640.976657468
638629.559078842
638605.428256573
638605.310825604
638604.635874227
638603.775304184
638600.092605992
638586.521629358
638564.24036208
638562.334405262
638564.268917231
638561.786633837
638561.161630556
638549.95000828
638525.157400575
638526.013217051
638524.108441222
638525.759208111
638518.371358598
638508.555864786
638481.35627194
638484.459370206
638481.232768627
638477.756170317
638469.223630063
638449.798081239
638432.375426723
638420.640015052
638420.398317861
638408.665795627
638405.130389805
638385.404696396
638388.632278859
638379.948625365
638373.333232307
638357.829080587
638346.8719191
638325.099014511
638321.21763265
638306.642863083
638292.738633268
638273.183881749
638264.14224902
638252.514832573
638253.934823467
638241.846630857
638249.189257071
638252.069818372
638248.21272991
638241.538228544
638236.427129691
638226.106341843
638226.926040655
638226.772566753
638216.318726181
638210.006286754
638198.103969443
638190.067775341
638183.726277204
638172.774970707
638171.640029656
638158.143783314
638161.713993329
638146.150348685
638153.803289733
638148.414429469
638146.53045885
638140.918954857
638140.678534671
638137.668614093
638137.092731602
638136.11339358
638135.693293503
638136.196240114
638136.41763374
638137.903404839
638139.226045625
638141.263977899
638144.103881536
638146.347274353
638151.065343298
638153.258872443
638160.152009808
638162.12704177
638171.423552118
638173.087379375
638184.951605487
638186.272378611
638200.81562611
638201.802011741
638219.096717207
638219.771527891
638239.865755592
638240.238011522
638263.172610138
638263.213046449
638289.039734377
638300.958436948
638316.274577062
638328.546331599
638345.117397819
638360.90599385
638376.079871347
638395.736192876
638409.020144264
638432.902283705
638443.784478453
638472.246848904
638480.219161086
638513.602292931
638518.181046034
638556.800270051
638557.541976442
638601.678100347
638630.736935088
638646.6908625
638683.359588792
638690.912062424
638732.030084937
638779.130826732
638809.929363643
638859.62198607
638865.695793916
638897.266296368
638890.706293323
638927.056505808
638956.417152479
638983.977889038
639015.492908386
639027.316916689
639030.276584459
639043.723437476
639061.383254662
639067.289293269
639082.038834311
639086.676604093
639071.759004392
639076.888821625
639072.084191076
639069.246020729
639055.590695492
639043.8825732
639019.665322657
639015.356926816
639012.422629014
639006.704414313
639000.42154288
638984.256160498
638959.948709758
638955.253925393
638949.945566505
638945.272515898
638932.370148943
638914.924007539
638890.609437185
638884.344652036
638874.013365703
638865.682764578
638845.594609813
638824.920015079
638815.020201816
638808.825652663
638796.482781137
638780.33142931
638755.932110146
638749.336243684
638740.598836397
638730.850388078
638713.894532463
638689.586036713
638684.223982344
638675.810360735
638669.816256648
638652.96125352
638630.28040071
638623.942044575
638622.898208228
638618.70440247
638609.135568736
638592.291665366
638567.314055418
638563.759660386
638557.678932213
638555.39819648
638542.797998486
638529.786865433
638504.173930246
638500.236658119
638494.701332653
638489.604847862
638480.464302358
638460.507237948
638439.987661351
638429.090369118
638428.844254391
638424.935891854
638411.243902011
638391.646679042
638380.285315723
638353.860074073
638352.088915486
638336.598324654
638344.833848289
638350.208039593
638346.752144903
638340.21834853
638334.603194421
638323.14870746
638322.245146574
638307.004038403
638310.593660595
638291.917459662
638299.865532764
638294.261588437
638288.073161207
638284.405796552
638276.450107802
638277.432955503
638266.675888077
638272.502846215
638259.066333768
638269.886131731
638268.218519175
638277.735193003
638272.709298466
638271.56492518
638262.840709882
638265.296701027
638254.380290994
638262.166468252
638269.102801011
638264.827487645
638263.136946409
638256.543081873
638253.009383694
638250.858012537
638246.440515489
638248.170331007
638243.315635221
638248.229972899
638243.426090934
638250.736036511
638246.490779534
638255.365243261
638252.184847624
638261.804923445
638260.172498201
638269.780939634
638270.135742079
638279.079608028
638281.80096531
638289.563656847
638294.960327965
638301.181681695
638309.489374946
638313.972515828
638325.358458115
638328.061333672
638342.632939429
638343.643462448
638361.459990363
638360.959351403
638382.04812409
638380.269194779
638404.647771125
638401.830732191
638429.526582221
638442.314590278
638455.598456628
638470.326988739
638483.514200682
638502.12600314
638514.128179226
638536.955489585
638547.438131987
638574.826899513
638583.361731922
638615.661075987
638621.741099806
638659.29081512
638662.351523727
638705.471215955
638704.91769784
638753.898875303
638784.575684815
638800.716735021
638840.890756226
638846.672837672
638893.61835465
638943.796041873
638980.850719539
639034.909054021
639074.22143229
639075.013898159
639108.485584451
639125.343947416
639154.910521653
639175.765094421
639186.652351727
639197.061791218
639192.579491264
639193.037982242
639182.929718445
639165.08402199
639140.383687572
639133.47293878
639132.160366186
639130.276614549
639120.818538682
639109.243571825
639081.276945026
639077.035075477
639065.380479277
639050.361802153
639023.765379917
639019.573815311
639011.475371062
639007.200486832
638993.872653571
638967.556186376
638964.946178621
638960.028206312
638956.247686264
638944.277507692
638926.557339348
638902.302311158
638894.732811851
638883.78968136
638872.943280956
638848.965683264
638839.632901571
638811.274751766
638809.19850112
638807.524842507
638804.958044662
638794.247361657
638777.767512327
638752.407897191
638747.613965926
638737.443705069
638732.338760759
638716.812961987
638691.54279662
638687.681181205
638682.759408013
638680.29182462
638669.195361647
638656.477788192
638629.839050498
638627.852530556
638622.991141534
638621.394533378
638614.577460581
638599.637447161
638583.106826211
638558.754729568
638552.502131983
638545.847601729
638538.881017899
638527.765505786
638501.371355832
638496.333908047
638483.715578673
638467.867125645
638454.474767414
638423.359562136
638426.395136901
638418.593666526
638421.324672817
638409.696992929
638405.210057547
638386.123804188
638386.860879455
638375.798103206
638367.503866559
638352.385031718
638337.062429628
638311.085349952
638308.19942555
638292.856423863
638298.65153535
638285.194256927
638295.004568302
638291.979329983
638290.923051899
638288.742775531
638287.603992912
638289.903837039
638286.616466165
638293.633897103
638288.304026876
638300.209643947
638292.964451527
638309.828736423
638300.829414513
638322.596501296
638332.124376875
638338.630167467
638351.254014787
638356.792138436
638371.90827444
638376.201589957
638395.420038065
638398.695648869
638421.506375671
638424.073683772
638449.855833095
638452.100585095
638480.157946432
638493.597842415
638511.931305256
638523.972111451
638545.379047517
638558.24307194
638580.624615951
638593.832106908
638617.565953157
638630.690369396
638656.170595256
638668.853688327
638696.478064923
638708.436091785
638738.591667748
638749.615232092
638782.666613565
638792.614632316
638828.893988715
638837.680628596
638877.479915524
638885.056951863
638928.624849148
638956.222686489
638980.775303912
639012.294241733
639034.616473528
639070.684224176
639091.194813064
639132.080540208
639150.516080031
639196.424939947
639259.647376831
639293.615707653
639328.862743183
639344.220244131
639386.433898045
639423.741279408
639488.668669959
639548.360873096
639567.58341516
639610.657979145
639609.815170736
639654.141296012
639683.363178165
639733.719556463
639777.382510836
639785.046879295
639817.751610098
639806.182944558
639845.052288007
639866.201507728
639902.763382149
639930.840683501
639946.182199983
639945.836615533
639960.656085967
639974.885581153
639981.785331506
639992.632210703
639992.853508509
639984.860196331
639972.572822001
639946.478431836
639946.510863206
639944.145919578
639942.422961405
639937.569173259
639922.00113975
639901.382320882
639896.435959733
639898.782050449
639897.869550108
639890.071426721
639876.640171796
639852.546393351
639851.365104113
639845.353686175
639843.418380838
639829.841036445
639808.560630376
639805.120364559
639804.851930218
639800.839634557
639792.183246832
639772.535655765
639754.238162622
639745.036849012
639740.7795023
639729.251897173
639715.522856987
639691.713917404
639688.789170171
639680.378949692
639675.953456448
639658.884813338
639639.553621002
639633.23380415
639633.141316459
639628.618641703
639618.898600332
639601.228439705
639580.18848585
639575.525776473
639570.376254652
639566.78784106
639553.381484281
639539.061886166
639517.377681044
639512.264603249
639507.431039576
639501.089631941
639487.086353879
639482.741260694
639473.053055609
639460.753005605
639438.525944704
639434.847192689
639420.781220543
639429.704585043
639433.547544008
639432.71677674
639430.374373316
639417.904631992
639393.72226719
639391.675828514
639383.438291553
639380.998497675
639369.333757441
639347.791197628
639343.90148069
639324.629338569
639332.759758072
639328.433102669
639328.629436188
639319.735271453
639302.178060363
639280.232232456
639269.353917662
639254.595562316
639248.054369031
639240.025569854
639236.119426896
639221.336297089
639214.482907877
639193.158518144
639193.931120895
639183.00684305
639173.995735337
639164.743134961
639156.043570965
639151.868281633
639141.666428724
639142.099048928
639130.819504266
639135.28965345
639123.344319672
639131.212335664
639118.988455453
639129.582921374
639126.582750101
639129.634774224
639125.002965879
639131.462326252
639128.329853961
639135.129873627
639133.15079184
639140.363308519
639139.254341512
639146.966781456
639146.50778943
639154.838044067
639154.867723395
639163.97622691
639164.382383738
639174.47932991
639175.184098753
639186.531796706
639187.474853802
639200.38655796
639201.507417595
639216.340281285
639217.559236396
639234.702394083
639235.903896896
639255.765331581
639256.786091801
639279.777697119
639280.39791934
639306.91931084
639319.977476636
639335.619592304
639350.037050355
639366.237527938
639385.38332565
639425.874759323
639436.68267335
639462.184779571
639466.14155677
639492.86716272
639493.51931498
639526.179661328
639560.214930797
639581.839262725
639593.286806501
639613.972941537
639614.552180546
639641.685259268
639670.764853089
639687.360996639
639715.505612978
639714.093935561
639729.005455524
639717.818066025
639738.417643472
639745.631454105
639763.32607476
639772.332440677
639761.223201616
639768.05723825
639764.763046311
639764.939924335
639756.662115124
639740.022985654
639719.961171787
639712.518589532
639701.058657021
639707.317507172
639712.03804223
639710.459773453
639709.240823185
639697.99795078
639673.092204664
639674.205849437
639669.806116594
639671.836507463
639660.862392868
639651.288448554
639628.137319131
639625.431780438
639621.353690099
639616.760394931
639606.88847643
639581.021320269
639582.732050034
639577.775752905
639578.12482605
639567.12040145
639553.869653068
639529.250252677
639526.853239549
639518.750378786
639514.479512173
639498.475865728
639477.436313815
639472.57297321
639470.236337692
639464.145979015
639454.85729874
639428.511012272
639429.958821324
639426.247299999
639425.963691338
639418.007192899
639404.026214712
639380.635384063
639377.49642488
639374.540166169
639369.82611197
639361.909832771
639343.50307574
639323.464649061
639315.728926012
639314.831622194
639309.476111682
639298.078357295
639280.092688705
639257.370626655
639252.639689114
639244.144146101
639240.376915249
639226.5492779
639202.225700841
639200.340859235
639193.636725429
639192.759899043
639181.956281074
639156.018829424
639139.652347674
639144.690822005
639148.45605529
639160.470655146
639164.829967786
639159.400145712
639145.455948964
639124.08949573
639115.698586473
639104.548087953
639106.417320381
639109.578971905
639099.833499824
639095.260321458
639083.941023049
639076.415753732
639070.819956189
639068.539209596
639058.631669509
639036.470851693
639026.753644894
638995.863671431
638993.563605341
638984.662861689
638990.392968103
638989.817099807
639001.038428811
638997.548547673
639013.850833944
639007.710172984
639028.575567655
639035.719506495
639043.204479949
639051.697133719
639058.543246665
639070.367287543
639075.65576954
639090.315274923
639094.453729362
639111.451248993
639114.904106728
639133.763126833
639137.030752518
639157.313895381
639160.910791919
639182.238187891
639186.672710983
639208.732473639
639217.625455937
639237.417528723
639242.059720147
639268.498313427
639281.424180798
639301.559775986
639312.722354929
639336.881837508
639350.409179051
639374.854089541
639391.000891063
639415.584281196
639434.554962591
639459.107184919
639481.061648044
639505.385085603
639530.450307342
639554.315462684
639582.596043087
639605.736547539
639637.324892288
639659.436553704
639694.426371319
639715.172656878
639753.67338659
639772.692128465
639814.838467589
639831.749197361
639877.709415883
639892.124328897
639942.105410696
639953.638612055
640007.88567045
640016.162187303
640074.956387606
640114.484163668
640186.291563605
640207.141828294
640258.590868392
640266.759105408
640317.760456631
640321.019949665
640378.638844615
640434.70793085
640482.35527947
640500.551435545
640548.542984385
640547.515213157
640603.610996077
640654.239373948
640701.793529981
640760.043335398
640792.092393152
640806.142219553
640840.065704609
640879.426503969
640920.153428314
640947.482730079
640979.5623307
640971.870830281
640997.964993044
641010.030197262
641031.79733382
641038.89797716
641052.533434386
641056.308655013
641037.110167017
641043.52144446
641039.227585051
641031.738001172
641023.714393835
641006.931109608
640980.402440605
640976.575724459
640968.643985532
640963.866983746
640947.545485554
640931.53851755
640907.210520714
640899.49484455
640889.425370535
640880.704397528
640861.915281424
640838.964589336
640830.725603199
640824.479903255
640813.701407757
640799.290795439
640772.370185689
640768.737692975
640758.608409336
640753.154186693
640734.327317337
640712.667812299
640706.990676816
640700.664060676
640692.641274917
640679.186424072
640652.885749842
640649.231251345
640645.224224322
640638.892201842
640630.890544397
640612.865670319
640588.240279097
640581.674309404
640575.386198728
640570.034373314
640555.791419329
640539.801425297
640514.764861259
640508.166625276
640501.146103552
640493.147335359
640481.775961647
640451.374282109
640437.785179249
640439.719242261
640448.853094633
640454.996970365
640460.402266042
640449.708791847
640442.093603395
640431.200921239
640425.542929078
640410.522571348
640383.744757254
640378.69761542
640367.26274874
640357.878271054
640350.45393105
640338.592605162
640336.547499951
640333.241957968
640319.104238227
640309.782058132
640293.509710225
640282.591513915
640271.326936515
640262.940357349
640244.856872551
640233.100138613
640209.089689701
640204.168606165
640187.925188772
640175.936575338
640160.076596381
640149.59227711
640138.585393392
640126.583042974
640120.273837024
640106.958477856
640105.077262659
640090.662758104
640092.832501098
640077.547226947
640083.297753262
640078.487114859
640077.272934117
640071.356067695
640072.992362805
640067.456038494
640068.755050533
640065.255461638
640066.388148207
640064.476245806
640065.675980212
640064.909640734
640066.471168658
640066.430218997
640068.704958778
640069.006984612
640072.395209185
640072.706816475
640077.642695852
640077.682935691
640084.615442657
640084.156196381
640093.532787626
640092.396327635
640104.646006237
640102.696191645
640118.212489379
640115.340516555
640134.467937499
640130.577714782
640153.604344433
640163.008393675
640173.984013953
640185.159562933
640196.205721241
640212.087809287
640221.23672794
640242.075545788
640248.984407437
640274.950513094
640279.278192853
640310.469388012
640311.882510379
640348.336927517
640346.51385027
640388.227311217
640414.621091765
640428.895628006
640462.27304081
640506.779479443
640547.790830589
640583.812043165
640599.882796128
640602.040676823
640614.921849773
640631.27165254
640634.10908147
640646.60672888
640646.830490002
640633.142053137
640631.103243796
640621.278367613
640614.072178071
640598.874071571
640571.797130721
640569.404721733
640562.065900245
640552.261981741
640553.979370717
640555.492047957
640550.443300951
640546.147956719
640532.166382951
640505.598638728
640504.456263581
640498.275571123
640498.416161879
640485.519516672
640474.094452604
640449.571849811
640444.554016369
640438.507142388
640430.803469659
640418.205825938
640391.398382174
640389.860071026
640381.045530565
640377.312290755
640360.281454858
640338.823555938
640333.545224309
640328.373119114
640318.957561692
640307.269465411
640280.161824676
640278.782976941
640270.368866784
640266.944752995
640251.469179201
640228.630193539
640224.047547505
640222.862033338
640216.898802438
640211.170347614
640194.723232529
640171.002071478
640165.920857712
640163.042251967
640158.903609569
640150.200934088
640135.201022859
640109.646442964
640108.418583733
640102.677816907
640103.163400316
640091.280481125
640081.244155636
640056.666774713
640053.75630235
640050.77730983
640045.629185291
640039.236283947
640022.978713308
639999.411649914
639994.845459699
639986.711114064
639982.775300115
639968.742166897
639944.386535468
639926.451610567
639929.802436203
639930.637164869
639937.941558905
639935.768983168
639924.575967863
639899.960246164
639892.844776844
639882.700528863
639883.629846173
639890.981842063
639891.760365792
639882.28835058
639858.129715062
639852.425782815
639843.19886986
639845.761370481
639857.036485043
639860.732093347
639847.967071252
639848.447594682
639839.377786695
639830.702250039
639824.172158507
639822.701311392
639809.248031672
639804.567341689
639785.133265679
639787.714037475
639778.688731975
639772.546083894
639765.076924391
639760.15000398
639757.607219223
639751.741783905
639753.522735886
639747.020206487
639752.420450647
639745.571213222
639753.82639945
639746.907537921
639757.242445518
639750.518943983
639762.195707618
639755.919958864
639768.279760392
639767.021294759
639775.467759761
639769.771677529
639783.592870168
639777.820463451
639792.468494516
639795.597583745
639803.99536538
639804.153114434
639816.207036939
639815.610506864
639827.385480299
639828.655367425
639840.158365101
639843.705103797
639854.964388396
639861.200549097
639872.240038331
639881.567204966
639892.382363888
639905.177149401
639915.709580055
639932.308674688
639942.426471618
639963.119083966
639972.607755927
639997.633466255
640006.193071782
640035.742175467
640042.991454502
640077.209892977
640082.69757126
640121.694957707
640124.916192353
640168.776049488
640195.974160631
640215.31789448
640248.496416319
640298.546326736
640343.97771348
640354.753927687
640388.898078779
640380.225492322
640418.716532336
640439.587942677
640475.992467857
640503.352577687
640498.661978179
640522.611615053
640532.305732433
640539.078926513
640553.839373965
640560.098786683
640561.276804671
640551.510894005
640527.519379921
640529.401618204
640527.282566844
640532.251142948
640524.442686002
640520.352567588
640506.320976698
640483.465338686
640482.172116795
640476.931783415
640478.270082603
640471.358082016
640455.90149208
640435.448584277
640431.178991946
640430.862185704
640428.210174614
640418.401501679
640402.649052975
640381.484722583
640377.766421036
640369.687989148
640364.628933635
640348.238894835
640329.340264229
640321.932195991
640317.854226738
640307.798618585
640293.305085669
640272.462505367
640267.810103467
640260.347377225
640253.052742547
640235.271672983
640217.588177293
640209.860750991
640207.112872982
640196.955950301
640186.038331991
640164.063133107
640162.246804492
640157.522273198
640155.339809541
640145.222650007
640121.636808338
640124.827755217
640123.558786451
640128.041471465
640122.060918084
640115.812860086
640091.580026589
640094.764135779
640094.183455426
640096.838734934
640094.335161566
640082.831917967
640069.501000834
640048.887915831
640044.851692173
640040.326648819
640034.468019622
640024.018838776
639999.673623346
639988.290122147
639992.566346946
640001.333988257
640007.245384486
640010.514665279
639998.735850899
639992.284612776
639979.591638043
639969.456634866
639962.816959792
639953.92624724
639931.786565443
639928.777506598
639918.013948914
639917.230280179
639915.53958267
639920.597967232
639917.101897225
639901.420447081
639895.852758866
639882.237321492
639871.355044408
639858.785663054
639850.021158061
639829.847865195
639826.719170065
639814.563779589
639822.404906797
639811.751336692
639824.943488233
639825.753804754
639828.442580373
639830.76583301
639833.664790229
639840.493883118
639841.640711562
639852.531374382
639852.049234146
639866.489214918
639864.560627237
639881.995560308
639878.867418184
639898.727616505
639904.758681703
639915.743430161
639920.109541675
639933.419004732
639939.250199897
639952.255482075
639959.293299401
639972.327712714
639980.352717035
639993.806698434
640002.632576696
640016.939517744
640026.406247934
640042.027022523
640051.99393627
640069.399969009
640079.734924108
640099.385976552
640109.94984495
640132.272803014
640142.908068201
640168.282915581
640178.807113081
640207.558984908
640217.759398406
640250.151491035
640259.777467105
640296.006948965
640304.768289446
640344.973753058
640370.414679338
640394.991592689
640423.207739197
640446.289641013
640478.992917571
640499.537466796
640536.91355087
640554.399999986
640596.595561969
640610.557667959
640657.687190445
640714.510063714
640749.514115316
640777.004276672
640810.216711153
640823.470987432
640862.398835962
640911.922672034
640960.846320957
640967.655165923
641008.696928451
641030.152625141
641036.70637099
641068.023333327
641100.60492946
641122.343016722
641131.650447668
641154.039710088
641151.543829648
641182.321900174
641210.676979521
641233.14288403
641262.485134635
641258.431688357
641280.865043957
641290.704910642
641310.699914851
641322.496502698
641326.808220478
641324.665427746
641315.855985772
641300.825223956
641280.259249243
641275.624367416
641276.461705289
641270.115247429
641266.790208837
641252.409547771
641227.668214178
641227.243456963
641222.655673826
641219.580287922
641206.971795438
641185.555257614
641183.27188879
641182.920658334
641178.175239961
641171.533506007
641152.270404772
641134.514609151
641125.527402106
641121.593108486
641110.151897861
641096.053588024
641073.313886674
641069.103706939
641061.294275555
641054.283508679
641037.683466704
641017.077307588
641011.791747073
641007.028071803
641000.748358483
640987.567817257
640964.957557664
640962.530000439
640960.722407123
640956.731501111
640950.158288689
640932.630379219
640913.046506346
640906.501032917
640906.972403464
640903.40723689
640893.91131713
640878.105630856
640854.980980749
640852.774461646
640846.066134876
640845.227320406
640834.46053327
640809.338477286
640810.774237659
640806.102389778
640808.752556115
640801.480648863
640785.756009838
640765.257947965
640757.393526568
640757.0941516
640752.082675804
640738.08873059
640717.85352951
640705.877646472
640695.066037845
640685.57606605
640681.92197053
640678.128495077
640662.563690445
640654.259133396
640636.78982131
640627.243086229
640615.109741009
640605.402556485
640582.223693813
640578.796541583
640562.241675074
640569.657703155
640553.407705754
640565.987390289
640564.81361425
640571.779488418
640563.971875326
640562.548159425
640549.222402132
640552.224129678
640536.320547212
640543.93689777
640538.837740812
640535.920890246
640531.699221127
640529.236325463
640528.99725312
640525.192965024
640528.576887089
640523.843503422
640530.407133083
640525.191981092
640534.428866258
640529.199948855
640540.567075884
640535.795222178
640548.739966668
640544.87902411
640558.864665332
640556.333209492
640570.863588794
640570.032292033
640584.673738172
640585.856909598
640600.252400144
640603.703400978
640617.579344918
640623.492061851
640636.657744806
640645.173108291
640657.512957938
640668.730660283
640680.189532098
640694.18126988
640704.74280169
640721.567568325
640731.231280884
640750.952514072
640759.708938702
640782.409372121
640790.217033331
640816.013502451
640822.780409148
640851.833597749
640857.40113979
640889.920450149
640894.054715585
640930.299385885
640951.516006407
640970.918024137
640995.204370539
641012.216808901
641041.400904989
641055.173211644
641089.783173084
641139.438616251
641149.956140762
641191.264657117
641188.157915704
641232.453345899
641259.36098293
641308.207374009
641348.328566264
641385.164366259
641402.686596653
641404.488470268
641420.975159068
641437.495448642
641445.89066204
641459.997445529
641464.596444116
641447.187488897
641453.359971309
641448.874555225
641440.150410486
641434.753376282
641421.353303299
641398.119557251
641394.107834374
641390.694120124
641385.260592815
641379.208447761
641363.598296954
641338.177271624
641334.783260147
641328.091840588
641325.552573758
641310.76146054
641296.258185968
641272.880652282
641265.017272782
641256.811316408
641245.962149297
641229.441024868
641204.489943222
641198.802854614
641188.156168625
641180.029932011
641159.361714181
641138.876941704
641128.036199414
641122.242103669
641108.781251395
641093.35708163
641067.426758055
641062.121291513
641052.533719529
641044.813991399
641027.729629043
641003.431615257
640998.547376115
640992.68745484
640987.950001316
640975.303080709
640959.019948695
640932.420952633
640929.352691023
640920.529753762
640918.597726685
640906.467159258
640889.359175778
640863.677400675
640858.703997713
640853.46709133
640847.097498733
640837.376669047
640817.002274861
640795.934756249
640785.614363472
640783.945127964
640778.756418245
640763.810737516
640741.264466059
640735.06223467
640733.174849942
640717.069996712
640718.756955215
640710.317983811
640703.117247234
640686.508176492
640660.42058563
640654.142499869
640642.263896029
640631.616104774
640622.914276783
640617.16289169
640599.473181997
640590.730682164
640565.243740605
640563.768796427
640549.880433275
640537.087050722
640513.91374042
640506.354195467
640491.56954157
640494.511395607
640480.388506182
640489.018810487
640492.483095079
640489.607737124
640482.572444614
640478.200982909
640467.336166827
640468.647236897
640469.926086971
640459.611508601
640454.239448354
640442.16644765
640435.09450089
640428.241771384
640418.707495549
640416.683660015
640405.030634087
640407.299061715
640393.976341056
640399.884850624
640385.427813303
640394.246837625
640389.34721423
640389.672211654
640383.315273609
640386.651754092
640381.688428321
640385.610455942
640381.549567901
640386.486794457
640382.901192919
640389.258962392
640385.800555672
640393.948894673
640390.356158515
640400.619855455
640396.714026558
640409.364609804
640405.039263087
640420.295123819
640415.502087783
640433.53390747
640428.264718798
640449.20559154
640458.203263633
640468.3661452
640477.805863069
640489.363337684
640500.172628258
640510.780254389
640525.30457413
640534.701896085
640553.15862428
640561.062325818
640583.644073981
640589.750185095
640616.627846349
640620.613173182
640651.940827808
640653.468063038
640689.391012021
640688.114993727
640728.777421629
640752.37580226
640767.195091686
640797.128173528
640805.314326935
640840.728056015
640885.044781854
640909.166403327
640927.747118559
640951.043637466
640956.670213521
640986.889066983
641024.151114157
641059.428803296
641088.085420533
641104.572678453
641097.455757341
641114.834763303
641124.393949169
641133.695516579
641141.303396256
641135.619625997
641133.992682748
641118.404762128
641113.123972431
641102.03349113
641091.333514985
641073.64772323
641048.185012963
641045.892486322
641037.71327432
641038.334216463
641028.928010216
641012.223711159
640989.109376574
640982.872109394
640980.857708162
640972.240220681
640965.147732493
640946.649212601
640924.1745052
640916.312049797
640908.08125235
640898.410403392
640879.80108015
640858.600328683
640849.456982909
640842.484923329
640829.955119717
640812.756707191
640789.669595353
640782.115538138
640772.267624078
640761.463866655
640735.45222582
640734.403579299
640729.465636438
640725.579039442
640715.157974917
640696.90152635
640675.149433949
640667.526973217
640663.257224006
640654.172916544
640643.715511519
640615.254871909
640617.931293953
640614.408002714
640614.328453166
640606.708787899
640594.695620037
640569.110270416
640568.330567778
640567.604123111
640565.564021136
640562.867491502
640550.477386352
640525.035944909
640524.734634465
640520.992919773
640508.872712237
640515.020084165
640512.368544233
640509.525645877
640500.165390403
640480.303112841
640462.407790839
640449.737619139
640449.20139288
640441.579693154
640425.590374069
640401.383204586
640394.986376944
640383.915445853
640374.102436841
640365.580528552
640360.016593133
640345.756951065
640321.775802097
640316.907723077
640306.186564384
640299.664352724
640291.886025559
640291.575218149
640282.026169025
640263.515902386
640252.036050284
640222.34322762
640217.143706048
640211.84480929
640214.571666799
640218.757593085
640226.961322463
640228.173367368
640241.534868984
640239.964914935
640258.050865515
640253.992697296
640276.276355446
640270.121327516
640296.00955706
640308.484090632
640318.004041904
640332.113992654
640340.900507197
640355.28444221
640363.457476523
640379.806174842
640387.815067752
640405.756458774
640414.068261508
640433.273133957
640442.352690268
640462.540717777
640472.833250202
640493.774547233
640505.688592263
640527.198795477
640541.092560804
640563.026666602
640579.202963802
640601.446109662
640620.148280478
640642.599394768
640664.010924834
640686.567129362
640710.819402218
640733.362702228
640760.547234565
640782.931756375
640813.114353287
640835.155598875
640868.392339753
640889.859862608
640926.213207482
640946.828526445
640986.383897203
641005.822721846
641048.701126399
641066.598485509
641112.965859196
641128.926237903
641178.999552575
641192.608305489
641246.653420626
641283.666466883
641313.351992289
641355.807918229
641379.686144009
641427.294285364
641494.89035973
641559.88854893
641580.708865132
641631.667979868
641629.403564812
641683.802030739
641720.457366283
641778.814138626
641831.907374454
641838.856083296
641883.860014141
641909.217722911
641951.694924338
641986.146915394
642007.768215124
642034.158281369
642029.106004933
642049.35359469
642057.810869758
642076.320999674
642087.048342419
642090.740015087
642087.796657776
642071.547230409
642072.694700871
642065.588114568
642060.229043368
642046.662885497
642023.82721857
642023.140763772
642018.735105663
642019.325072947
642007.15999012
641995.988280189
641974.994388194
641970.585727676
641965.427337142
641958.439560443
641945.091639974
641923.142398071
641920.342103645
641913.642594248
641907.987357099
641891.614211523
641872.868022861
641866.206051864
641861.918111334
641852.270948966
641837.945666611
641816.710153972
641812.209740628
641805.998520609
641798.772005465
641784.01910982
641762.859026482
641759.837841927
641755.334596053
641751.961279928
641739.854460528
641718.17755533
641717.415261422
641718.950255694
641717.397455861
641715.782116316
641704.046708416
641681.301840669
641681.435985645
641681.88007899
641683.34432592
641678.745050608
641669.322561809
641644.098451105
641648.256008286
641643.791042326
641649.045209959
641643.688036706
641630.551620249
641610.111507471
641606.013897926
641606.718057341
641593.654976981
641597.550901863
641591.641952917
641587.141407387
641573.38154241
641551.259095852
641547.512161232
641538.475771129
641531.695642809
641525.389260831
641523.311702461
641512.167772763
641490.005657677
641487.574480422
641478.734991484
641474.650894668
641468.906656417
641471.202127987
641460.695277305
641456.542707967
641439.735580477
641442.005530999
641433.368804985
641428.724882495
641415.653825788
641397.811267989
641391.202551994
641378.147235189
641383.077736247
641369.676196445
641380.32686122
641378.659336808
641377.871685318
641378.054233501
641376.750803792
641381.602758628
641378.316441432
641387.252402538
641382.374395658
641394.726582749
641388.712925573
641403.771066999
641397.121904352
641414.172045911
641419.145031878
641427.774600849
641430.634457049
641442.673253177
641444.102312499
641456.872899709
641458.803071402
641472.596257105
641474.839867072
641489.929899808
641492.375535643
641509.018001965
641511.616362537
641530.048957199
641532.792329976
641553.23698396
641556.137136263
641578.803872314
641581.866001735
641606.954190954
641610.151509791
641637.855170836
641651.849170245
641670.626523393
641684.46716857
641705.512669836
641722.80541299
641742.974800683
641764.080272165
641782.903635727
641808.145735262
641825.1346294
641854.793503222
641869.460671793
641903.769212352
641915.647141582
641954.791195374
641963.448370165
642007.571359015
642057.235376901
642089.261031758
642111.367007756
642141.649739039
642150.538364976
642186.594329551
642229.89727425
642254.857901387
642298.920308275
642305.905549247
642330.851610809
642328.126386421
642356.993609788
642383.33090647
642402.680895531
642428.82776128
642424.519241642
642442.565522296
642426.138324179
642452.696425525
642463.827232259
642472.477689472
642490.177665659
642489.641422901
642478.057007711
642495.291866953
642506.938638088
642518.63875775
642533.13023936
642540.432508792
642527.51282232
642534.626369975
642531.274532865
642522.39665006
642516.182001091
642500.892529017
642481.322066311
642476.068661214
642469.546635092
642463.241912622
642449.086920132
642427.059768057
642424.714090512
642420.131140413
642416.593246165
642404.217809089
642382.267631506
642380.436349617
642378.590916033
642374.660102208
642366.171704018
642348.264727574
642328.861699954
642321.89639865
642316.87166893
642308.338974748
642293.921484187
642272.095888195
642268.223241387
642264.004515788
642258.125296275
642246.926847546
642222.530329353
642223.254698551
642218.676458763
642218.969881378
642207.957113147
642195.945224395
642172.914637387
642170.341365581
642164.735288269
642161.510343037
642150.404384737
642125.811895254
642127.746353916
642123.799649188
642126.409231375
642115.734405025
642106.987598211
642084.862801907
642081.530444062
642079.707244383
642072.551403472
642066.400233388
642049.717783305
642027.616333992
642021.705109903
642011.935884495
642003.658167176
641997.241985797
641994.449842992
641983.282762906
641957.928417167
641957.167473298
641949.293477142
641942.909712449
641940.152417424
641941.409078071
641934.803243671
641914.735362687
641907.442409385
641876.750271371
641876.26396052
641881.558234355
641888.732035764
641882.704098016
641882.425606025
641866.053626103
641871.195684671
641864.398297523
641863.386347287
641853.424540235
641844.46068866
641830.678196721
641826.497231799
641810.07239441
641810.714920471
641804.720153489
641792.6709434
641782.580302366
641767.785522207
641758.158463023
641747.530955164
641736.934709654
641730.107616841
641718.990459635
641715.495617137
641704.310053725
641703.60069732
641692.785111193
641694.26134901
641684.223002031
641687.265447715
641678.370844355
641682.375747319
641674.942154667
641679.351215634
641673.640746841
641677.965940319
641674.186712014
641678.03103473
641676.34382121
641679.411152932
641679.936922281
641682.031573937
641684.864170186
641685.883671847
641691.105065565
641691.02369703
641698.718422549
641697.563194892
641707.832418332
641705.656820129
641718.631996218
641715.4861976
641731.336305834
641727.237562645
641746.175571191
641741.085308021
641763.369697333
641771.609811552
641781.437588453
641791.158405168
641800.889514497
641815.109046082
641822.618107999
641841.85134979
641846.578674534
641871.298551775
641872.667707966
641903.283084494
641937.269572451
641956.998988731
641968.351073942
641987.554653904
641987.561310069
642013.903982861
642042.35865969
642059.056624588
642065.010216244
642082.161419356
642076.131952108
642101.321812962
642122.221321172
642138.532446772
642157.963337628
642166.418531178
642165.270558122
642162.415037375
642149.918114123
642128.565522202
642120.698409221
642107.999302906
642082.902653973
642081.917297997
642077.856090324
642075.679895435
642069.370281979
642052.339968926
642031.151640745
642023.821198907
642025.335295408
642023.017841271
642011.786881308
641996.710116363
641970.089131972
641966.93310573
641959.24510283
641953.114407518
641938.980527027
641913.893000961
641911.424974359
641904.838727634
641900.866139651
641886.719006113
641863.095249135
641859.145530134
641855.934844036
641849.684905852
641839.739807676
641819.621648213
641798.287052476
641789.456985579
641782.220656776
641772.414451202
641755.525695938
641732.47445694
641725.824580953
641721.74567422
641712.924233152
641703.148018472
641676.323486912
641675.783955718
641670.833381176
641669.592321866
641661.467977174
641646.154275791
641622.28855978
641617.40177491
641615.792051607
641608.830835359
641603.385628784
641587.223854454
641562.526364261
641558.47656893
641551.243809466
641547.866354229
641532.000758923
641517.142671117
641494.92124564
641485.949070664
641479.631456829
641466.806862353
641453.866402732
641431.026137722
641423.413555214
641405.593846499
641409.896603898
641389.353805303
641399.934697692
641396.474411764
641397.659403332
641383.603918618
641379.632714537
641357.599458072
641359.909098529
641349.47898134
641342.271189998
641327.250646009
641314.167435791
641294.681159558
641287.508067241
641265.361139904
641263.309501301
641249.819153353
641239.466385834
641226.976417837
641217.093569339
641209.999444454
641197.701005114
641195.991394105
641181.300674454
641184.829299888
641167.824735956
641176.305066888
641171.737055228
641168.163638966
641165.111363235
641161.135683868
641162.129850249
641156.286872377
641160.83299833
641153.41612509
641160.944703897
641152.357415294
641162.252462532
641152.990007969
641164.621056239
641164.773045674
641170.092355733
641167.277623909
641176.872527665
641172.477024497
641183.082345105
641179.046181459
641191.102509187
641187.208620675
641201.140867831
641197.223266648
641213.425810867
641209.362023613
641228.18864575
641250.187795312
641254.638463044
641264.754759943
641265.605706927
641272.525011935
641277.264686623
641283.378286621
641292.338522874
641297.429145197
641310.836877458
641314.678307466
641332.659532848
641335.012324159
641357.602854516
641358.210061722
641385.374542628
641383.961525175
641415.620692207
641432.227138139
641445.718747149
641465.801482006
641476.027299144
641500.74497956
641507.44722127
641536.939200773
641539.659544095
641574.089504806
641572.418608989
641611.977766351
641636.726701132
641649.092734671
641680.533680223
641684.553988845
641720.094782909
641759.124831515
641784.076088609
641823.794482626
641824.965265056
641849.64898919
641838.254567794
641869.121198182
641884.685455003
641913.720850794
641935.769847844
641949.444195421
641956.279060147
641957.231141815
641949.361929587
641941.432843715
641924.744705654
641899.881399624
641897.330918476
641891.985544002
641893.166669397
641881.80074574
641873.929839192
641848.40516876
641847.715720279
641846.923788834
641845.058948146
641842.079956406
641826.233448339
641811.461584263
641788.964129069
641781.53977314
641773.264623518
641763.784093705
641746.39463484
641724.1678069
641717.005457869
641708.751257557
641698.309918782
641679.635251815
641658.566092331
641649.497623055
641640.441969041
641628.167489709
641603.437160178
641601.321374107
641594.588354996
641590.072560621
641575.077560439
641553.026431036
641547.777254926
641546.024306316
641538.207924783
641531.169129042
641513.278053554
641490.860914362
641484.848868621
641479.758228235
641475.089420303
641462.556942236
641447.550784619
641421.52202578
641420.909287492
641416.692667201
641413.341806274
641404.215261378
641388.223974166
641366.234288814
641360.66443472
641361.312126374
641359.186131184
641349.31863422
641335.532413446
641309.507134707
641309.591479576
641291.006773268
641298.787163121
641295.397520862
641295.553977754
641286.334092165
641267.278145911
641247.147881429
641234.325058554
641224.595290927
641219.980587235
641220.500549485
641211.850651984
641192.0369653
641181.036301133
641152.699586479
641147.271295298
641140.458671998
641141.614546264
641142.422901096
641148.142165059
641145.525195815
641155.911973188
641150.032615003
641165.178956897
641179.874218815
641182.642814983
641184.926741185
641185.600950356
641183.474223503
641189.362173614
641201.726960109
641195.570558232
641203.194021174
641189.947351448
641202.624998933
641202.25826009
641203.936801488
641205.289693309
641208.114977591
641213.634922988
641216.213609162
641225.3405757
641228.04432761
641240.103227673
641243.299473955
641257.539981242
641261.581183464
641277.222976453
641282.439356988
641298.721822656
641305.4169121
641321.644029507
641330.089822441
641345.666263382
641356.10154159
641370.560686833
641383.194114707
641396.215753432
641411.232314248
641422.644201203
641440.208673525
641449.971937442
641470.235726955
641478.422989776
641501.534372696
641508.296975428
641534.409233695
641539.938190972
641569.217615897
641573.701232369
641606.332437709
641624.688506269
641644.639300293
641664.543328609
641684.855399205
641709.017331678
641727.948999337
641756.785858918
641773.96777072
641807.867579478
641822.850895283
641862.159224694
641874.43139176
641919.4391242
641974.420367811
642008.227236011
642034.881795705
642067.82241702
642080.543460498
642120.228174632
642170.303115947
642218.866356618
642262.027580099
642288.48694759
642291.050927923
642316.393976637
642337.788321159
642354.275634118
642374.079109661
642383.088809372
642382.60507117
642380.805754596
642369.586230956
642349.960301368
642343.963413451
642333.462670546
642310.068704449
642311.834176271
642310.454058003
642311.758996588
642308.896410781
642295.90444586
642282.88833233
642262.07248509
642257.367065244
642253.548852355
642247.157862823
642237.417863464
642211.90881339
642214.836254668
642211.546507494
642209.403064884
642199.070613272
642176.012546943
642176.905627789
642173.546283061
642172.298423054
642161.47493473
642145.783147682
642124.974487362
642119.452956566
642111.293609739
642102.924477412
642078.561872207
642080.159249573
642076.657369204
642075.429510469
642066.29660739
642050.493692979
642030.527366043
642025.070117262
642022.210004209
642014.810860214
642005.462188777
641979.664068574
641983.419515089
641981.413231652
641981.789708822
641974.99189287
641962.84597209
641940.761465327
641939.535980976
641940.277757783
641937.528754161
641935.088206609
641922.549862115
641900.08979784
641899.70979486
641896.601378088
641897.254574764
641886.264373147
641875.594493913
641855.17928745
641850.701885915
641834.070593028
641842.545388461
641839.902078632
641841.096790078
641834.422015729
641814.793523027
641807.671050283
641781.016010326
641779.84102584
641783.574689701
641787.209436427
641777.635386885
641775.836323223
641755.591417837
641760.306702195
641752.194350587
641746.335002348
641731.606508075
641712.34751296
641705.377162427
641689.130468501
641694.04659543
641676.733232537
641687.064569299
641684.164982276
641680.321077408
641680.422944696
641674.96729098
641680.439264092
641672.54010173
641683.226334218
641673.001972789
641688.62212239
641691.094476261
641694.416473904
641698.506741059
641701.361769755
641709.555905455
641710.534363131
641722.382271307
641721.735568922
641736.712307062
641734.788829819
641752.32256394
641749.556793299
641769.056374829
641774.6348185
641786.528146715
641789.748727238
641805.173461435
641809.343865548
641825.401503251
641830.244244917
641847.351443183
641852.632227798
641871.208819541
641876.730830704
641897.183664419
641902.781467055
641925.492506263
641931.024885988
641956.341683774
641961.680893617
641989.907619043
641994.924477846
642026.315090413
642043.811159725
642064.283953842
642082.628882157
642104.166920269
642126.453638832
642146.619451489
642173.110677773
642191.516497398
642222.407596624
642238.67696104
642274.100892808
642287.877632716
642327.91533083
642338.87059067
642383.566047762
642391.40330671
642440.781331684
642473.062083841
642496.653855724
642534.928506198
642551.899609531
642595.287837187
642607.907070185
642656.64916499
642713.196782917
642750.361921325
642775.732912595
642811.772331057
642821.625531071
642864.251123534
642913.317627589
642945.854555139
642997.560367094
643005.474121751
643039.372057404
643071.328192678
643093.584814512
643126.104811134
643146.617926393
643160.828124957
643165.013849325
643166.767150714
643156.996815152
643150.058083654
643126.617882633
643126.951445008
643129.100384849
643128.451505759
643130.273179277
643122.343735656
643107.46265971
643085.861635531
643082.093242689
643082.642898322
643077.240099233
643073.6376545
643058.897763188
643036.868171116
643033.206201745
643028.088943751
643022.971906585
643008.797115549
642987.821968605
642983.042801714
642979.106850598
642970.599282119
642957.470167929
642934.692119606
642930.73386525
642922.733293966
642914.725900549
642896.939233002
642877.187307949
642869.692668183
642862.791263671
642853.163654494
642835.670812358
642815.546152494
642808.206590007
642804.243478516
642794.890712175
642783.81379568
642757.433765841
642759.3319148
642755.895309386
642754.942598067
642746.404750833
642733.507067678
642709.711727967
642708.205231932
642707.767185807
642705.275038225
642702.288992226
642689.731315112
642665.405265046
642665.252646347
642662.244185057
642650.688866507
642657.572927783
642655.652689835
642653.797049504
642645.26919068
642626.490941886
642608.810380839
642597.270070536
642597.300207616
642590.413561775
642574.908545179
642552.743032446
642541.763263511
642527.238096611
642519.195809742
642511.073975182
642504.758290505
642489.707716315
642466.001979202
642460.54527596
642449.517620269
642442.113971784
642433.29633336
642430.859405599
642417.254146008
642408.927251416
642389.440939827
642387.466542887
642374.718138325
642365.780433542
642353.522346847
642345.246432555
642338.461627552
642327.664351581
642326.280460632
642313.204528136
642317.000801132
642301.938043974
642310.546889511
642306.451861383
642305.066186748
642301.752527174
642301.297985152
642301.706160503
642300.161836591
642303.746567901
642301.404692016
642307.564984298
642304.766360709
642312.877981155
642310.002078074
642319.449637794
642316.902721302
642327.11318175
642325.315863783
642335.786693319
642335.159284997
642345.478259375
642346.424802827
642356.281474464
642359.177690074
642368.367121718
642373.551311294
642381.966970864
642389.732062136
642397.348197997
642407.937500339
642414.785450239
642428.394767218
642434.53622656
642451.319734442
642456.816589509
642476.895808695
642481.780804051
642505.255744613
642509.505005914
642536.465544018
642539.977294876
642570.517731027
642573.100366502
642607.332459948
642626.568625473
642644.975406942
642666.837568143
642683.667827057
642709.977942294
642724.067927856
642755.207241808
642765.878588477
642802.217824621
642849.190263544
642873.899520178
642895.440604815
642901.246633628
642934.231624064
642963.243463478
643008.835011071
643045.364561307
643075.640303557
643091.653483536
643087.268589473
643103.162719652
643113.945878206
643121.315353152
643129.125051942
643127.305558089
643117.574830566
643102.213804891
643095.105888682
643084.473260978
643070.486694887
643046.731190959
643042.929744905
643027.90527164
643039.050074709
643045.511189875
643049.498358398
643051.768964591
643040.821083282
643032.408968757
643008.342203625
643005.398378215
643002.740328754
642996.499837453
642988.944356129
642970.401858702
642948.940910827
642940.247653746
642933.065384915
642922.474119486
642904.526971326
642883.084968582
642874.615936479
642867.346200446
642855.700421248
642838.429713778
642815.765433853
642808.612839973
642800.182741767
642790.370595563
642772.83426653
642750.226292114
642744.176190568
642737.118093257
642730.37594621
642714.814921467
642691.996137082
642687.358746444
642685.800851652
642679.835420711
642673.900012212
642657.602495849
642634.105253629
642629.511845321
642626.156644807
642622.586249615
642612.699869594
642597.980302446
642572.353114077
642571.011406992
642563.34783776
642562.91591331
642552.014371941
642534.577418498
642512.050819215
642504.773787587
642500.670012548
642489.664864197
642479.455006258
642456.387258558
642451.21044852
642447.338368714
642437.141144523
642427.898001874
642405.470887621
642399.586018164
642384.033674645
642388.741266362
642371.47066596
642381.787620726
642378.674471298
642381.255385418
642369.668708914
642365.488324036
642346.905061047
642348.369331653
642338.304340996
642332.322839891
642319.27934204
642306.731186422
642289.757317037
642283.257774208
642263.192210338
642262.584589008
642251.098007777
642242.277206198
642232.348382587
642223.642555721
642219.761287031
642208.416378737
642210.408285758
642196.568597364
642204.079289811
642187.953942188
642200.465235653
642199.051936197
642197.395082504
642197.982596247
642195.518868479
642199.651903864
642195.718015581
642202.745547638
642197.675718906
642206.926732529
642201.125324582
642211.946845965
642205.874618551
642217.668407655
642211.824634124
642224.07767738
642218.977458619
642231.281842349
642230.016239442
642240.108550052
642243.928576927
642252.256381308
642254.084005924
642265.712570535
642267.705072442
642279.020929357
642283.711076865
642294.738270985
642302.405697654
642313.189547063
642324.048603713
642334.628670122
642348.831225373
642359.211759055
642376.855620222
642386.982895836
642408.12794471
642417.873764298
642442.558621214
642451.707381913
642479.96517669
642488.209673754
642520.087337087
642527.03573181
642562.610740008
642567.797850833
642607.189813692
642630.977461318
642651.242024624
642678.523872487
642695.002980784
642726.982434098
642739.376302299
642776.509811821
642784.168074231
642826.906153156
642874.623194369
642906.238502036
642924.196067207
642955.227728336
642957.859591585
642996.134149857
643035.187989953
643064.092731866
643104.871929565
643104.936117201
643134.090685699
643155.448733811
643175.463732873
643197.081048032
643202.061301901
643214.350521088
643204.68568711
643210.782266639
643211.29323712
643210.970365201
643207.406105318
643193.0651581
643180.881431339
643158.394659987
643153.632139717
643152.120637297
643145.819426619
643141.177616784
643126.437988092
643100.360975071
643099.184585137
643093.19444051
643090.638106154
643076.003602805
643061.860983624
643040.25412776
643032.878588892
643024.414662191
643014.366690385
642995.819281404
642975.365164533
642966.603806519
642958.516549868
642946.122004398
642922.972129882
642919.734111878
642915.481194209
642908.275421498
642896.686249962
642871.311575972
642870.605786079
642862.4664212
642860.256504944
642846.903313588
642823.44713104
642820.741995855
642818.034669715
642815.400364881
642806.354408545
642792.244508985
642767.367611083
642766.739587866
642760.912088392
642761.802785513
642749.915670276
642740.268748492
642716.072071146
642714.678754001
642712.389511732
642710.493799113
642705.274825323
642689.537564036
642668.894976177
642663.290794785
642665.567275965
642664.424324822
642654.236210027
642639.630385386
642615.317107783
642611.038261365
642591.784977826
642599.04322238
642594.225386611
642593.256384375
642582.84085097
642560.008291293
642556.761690692
642537.035176046
642544.736103797
642539.339067231
642539.123209003
642528.326548355
642520.095549795
642504.183478796
642500.542500121
642481.382002309
642482.31423927
642471.512513684
642463.400812548
642453.369731218
642445.133517245
642440.480715097
642429.334177023
642430.331146406
642416.332100994
642423.118164195
642406.378761217
642418.933586792
642418.004931511
642415.301146383
642417.910291953
642413.286056938
642421.187956966
642414.341103054
642427.082867817
642418.307119196
642435.277727083
642440.676708193
642446.186110737
642452.015655507
642458.347203948
642464.69396649
642470.388092421
642478.652148925
642484.165001384
642493.682127207
642499.513850505
642509.664162898
642516.336645197
642526.577939828
642534.61286381
642544.505364106
642554.398991613
642563.616725993
642575.817471078
642584.152347809
642599.045488196
642606.399889445
642624.296139137
642630.665803587
642651.79848054
642657.247599605
642681.774794368
642686.403609176
642714.416832697
642718.328531713
642749.869357886
642769.34948594
642788.94250351
642809.650342827
642830.031555531
642852.524941991
642871.726698718
642898.258245786
642915.917906745
642946.658399278
642962.356318762
642997.473795316
643010.747080732
643050.412822857
643060.774252218
643105.168284389
643112.125016998
643161.438288024
643213.641722174
643250.861938137
643272.096125075
643307.722823075
643313.687761755
643355.40509538
643400.166166907
643431.27022239
643447.019042592
643477.988546813
643478.726925077
643517.40342285
643554.390154098
643584.139539139
643623.007413436
643621.637796935
643651.404385233
643666.557434906
643694.154683022
643713.426806005
643725.493930395
643730.303030044
643715.793393471
643724.472590807
643722.967430442
643725.276258658
643719.558817596
643707.308781002
643683.845718576
643682.872284785
643684.823045752
643682.275018778
643682.3779072
643671.789873146
643644.870448031
643647.937774533
643644.635996021
643645.737804315
643635.755774865
643624.827255501
643601.800959899
643599.114960078
643592.097928435
643587.563980085
643572.205795467
643551.876509811
643546.479051891
643542.602864832
643533.868837337
643521.203880933
643497.659104693
643495.377719711
643487.050702437
643482.578601301
643464.609777339
643446.609147816
643441.866438302
643437.509993998
643430.625165936
643418.51598114
643395.424919064
643393.616572445
643392.12696903
643388.332346954
643382.801805726
643365.115131097
643346.444636191
643344.17050301
643341.257718364
643339.332477216
643330.147262082
643317.69577833
643292.215093869
643293.803017889
643290.800335703
643288.194728906
643279.941373528
643263.112070575
643243.948544587
643236.234634286
643236.900596556
643232.688260175
643219.276370286
643202.302185515
643190.911017678
643167.131471504
643167.615715801
643151.594619802
643162.85791996
643167.024165085
643166.383743683
643158.017709349
643155.069666052
643141.374049043
643143.010702579
643138.179275351
643126.891375603
643115.943777966
643101.977806788
643089.485933184
643080.178914803
643064.635407236
643060.174533603
643041.867871118
643042.417300671
643031.781708635
643024.941384227
643014.988987127
643009.016494283
643004.520920914
642996.303673875
642997.274238228
642986.939760117
642993.218455969
642980.942405872
642992.200721549
642990.883328019
642992.171244773
642991.751713351
642993.801157076
642997.250964452
642997.990967958
643004.715004005
643004.427473541
643013.753907303
643012.799867487
643024.02087302
643022.830551153
643035.243952633
643034.299777251
643047.248990256
643047.064283752
643059.973696383
643061.070364923
643073.472596691
643076.355985764
643087.90624323
643093.041676426
643103.522775586
643111.318913652
643120.6363954
643131.433273154
643139.596581563
643153.656371705
643160.749769188
643178.257414927
643184.409450527
643205.481726343
643210.828694913
643235.525057768
643240.172632192
643268.511825407
643272.502312905
643304.483531474
643322.304040449
643341.930698699
643361.187727142
643381.140222782
643404.437818343
643422.656664781
643450.235735644
643466.152108281
643498.265136605
643511.270743082
643548.179001248
643557.655357325
643599.623949176
643604.972504366
643652.266653049
643700.933937116
643736.616030551
643754.285179148
643788.835699671
643790.778260464
643831.924904439
643871.921785838
643902.961098544
643944.741840503
643974.861207161
643969.906370752
643997.244062977
644008.651052352
644018.2560524
644035.390436684
644044.208668675
644047.830285445
644030.395864978
644033.056333511
644027.669177636
644017.630606291
644010.348360293
643995.29141834
643974.098645843
643969.900685561
643966.500639266
643962.135545949
643955.310477554
643937.080808618
643918.048839606
643915.333108598
643911.279366197
643908.191874615
643896.648260159
643881.26121195
643857.538011934
643853.786607713
643843.549753179
643837.796830475
643819.908969518
643799.834371453
643790.618458444
643784.484936271
643771.706578179
643749.61005495
643746.051605768
643742.836004128
643735.227537029
643724.265689576
643698.761052497
643698.128905658
643689.497569339
643686.770582938
643672.577476256
643649.752145569
643645.958529903
643642.621996321
643638.642911504
643628.172190995
643612.6394297
643588.371306609
643586.430042199
643579.576077315
643579.378391335
643569.393589858
643554.252289627
643530.20643605
643527.339825477
643525.570750326
643521.632450711
643516.850289192
643502.646654343
643478.615450546
643476.795737204
643472.593244335
643472.278719849
643460.079002617
643448.643649582
643426.891608519
643420.704111903
643403.836114733
643409.647498866
643407.184718275
643402.000606485
643391.673277342
643368.365223828
643364.476778171
643345.385706485
643352.052446389
643346.05728014
643344.917813279
643334.101547818
643313.492759672
643307.446715988
643291.479307234
643295.205609375
643278.797387813
643287.026458196
643282.274759686
643277.779098276
643274.759850384
643268.900850275
643270.989679859
643276.665669351
643266.867185598
643266.463865592
643255.144457307
643253.384810291
643247.975708273
643243.772662302
643244.271047658
643237.851657936
643244.033581951
643235.695019525
643247.118957403
643237.224689168
643253.254632778
643257.854840417
643262.845627612
643268.151503881
643274.355076088
643280.384553547
643286.240660016
643294.267094823
643300.123230524
643309.368438827
643315.596454281
643325.33467879
643332.321139085
643341.92053428
643350.053977516
643359.006373805
643368.664499311
643376.605618405
643388.145373116
643394.860537151
643408.60783111
643414.024096703
643430.269231292
643434.43686379
643453.431591375
643456.49161449
643478.448369886
643480.594666408
643505.691612953
643507.128849574
643535.515443866
643549.853733143
643566.944026261
643582.299753455
643600.603971135
643619.902963154
643637.293925005
643660.812584186
643676.966257808
643704.949162294
643719.45812289
643752.117088709
643764.503721176
643802.01927326
643811.755176563
643854.282538119
643860.813802266
643908.489295462
643960.126310205
643995.847789446
644016.749139279
644050.911478901
644056.586514293
644096.786214152
644140.845983414
644170.246570713
644215.918283118
644219.642071513
644248.690675436
644273.619552441
644290.889875481
644314.581356695
644326.53080528
644330.762881126
644327.572669872
644318.432871111
644301.661178571
644279.773305748
644273.250592477
644275.125730997
644274.476568739
644265.801789543
644253.850802181
644225.683646204
644226.67686568
644224.59256984
644223.878428782
644220.618278979
644205.548915401
644191.883505316
644169.245266164
644162.561282737
644157.053160495
644147.925450762
644135.613373375
644108.774413843
644108.079354702
644101.173030257
644095.084416479
644079.02403374
644056.778138985
644050.772507059
644044.885144549
644035.450948332
644020.283028899
643996.511906083
643991.087788105
643982.034201503
643973.728217365
643954.607896125
643934.224977217
643924.791747818
643920.395198223
643908.15142102
643895.997614329
643871.5124516
643867.666048091
643861.499087215
643856.971112555
643845.820922599
643827.773782115
643805.47978364
643798.679777735
643796.52954742
643788.824695063
643782.448201904
643766.014215621
643741.738171979
643738.166063926
643732.998501118
643731.205136982
643718.797478343
643706.260479572
643682.292254592
643677.639749274
643672.65404498
643665.290032981
643651.436667235
643644.734525503
643633.691521961
643617.200597466
643596.0442749
643586.588250761
643573.831172331
643575.054208057
643560.157052322
643566.797656517
643564.728058627
643558.969802507
643546.119730636
643537.851111684
643520.613104538
643516.950338338
643495.724540813
643496.673371618
643485.274656874
643475.000220653
643464.806701718
643453.47198277
643448.47391979
643434.10246629
643434.559505544
643417.341776292
643423.427741379
643417.536075822
643412.752419134
643409.138872702
643414.541889334
643413.269789665
643398.983133917
643394.31521652
643371.914274635
643373.493087887
643362.761822293
643356.418324721
643343.708509413
643330.684646934
643315.585733614
643307.255190864
643291.197520163
643286.552197636
643269.978272865
643268.216444083
643251.594999533
643251.86052414
643235.668426173
643237.107835025
643221.810387742
643223.625801891
643209.658685568
643211.153935212
643198.907884686
643199.52638438
643189.336918858
643188.68580257
643180.826478533
643178.684511006
643173.367205538
643169.678307117
643167.057714457
643161.9072159
643162.089429704
643155.669847834
643158.726862393
643151.295099637
643157.281504268
643149.110948978
643158.080875595
643149.411385127
643161.43384174
643152.426584696
643167.601554829
643171.451480071
643177.638348923
643181.677642836
643189.823691591
643195.692329903
643202.622484572
643212.839005601
643217.941894246
643232.931082043
643259.733542118
643260.476371149
643279.212609201
643270.560310823
643293.309843467
643302.272678787
643325.17990232
643339.20860015
643347.192469783
643331.602558943
643335.49500225
643329.453670374
643317.366748107
643309.685456323
643293.373652592
643275.102848752
643265.861043831
643249.703552467
643254.440772633
643252.241691295
643249.212235709
643240.764304171
643222.507606597
643202.480357113
643193.57466937
643194.125567951
643189.908734591
643176.845812138
643152.777577673
643149.065775516
643133.664849153
643141.915311143
643146.425908395
643145.73949263
643143.080331075
643129.778964672
643105.731021456
643102.82757959
643096.991758661
643093.176239318
643078.412157094
643056.976826699
643051.310019833
643050.681356314
643045.836057881
643034.822337373
643008.896947877
643008.925837396
643005.003732599
643003.144018478
642994.084000486
642978.891934041
642955.175769768
642951.855573509
642946.607179488
642943.182955409
642931.239504823
642916.000123554
642891.039604337
642888.858771144
642881.162409606
642879.905647104
642868.343838342
642851.646036375
642828.104079035
642823.265191959
642818.762456424
642812.103998606
642802.128352836
642774.478934368
642777.491331858
642770.163049154
642773.331651508
642765.06816976
642748.864835104
642727.441476358
642720.385246323
642717.350305789
642706.118158967
642696.371749083
642674.079915378
642668.780688503
642664.575059903
642654.432430097
642643.910119761
642621.646834445
642616.236642887
642598.512646833
642605.106846074
642602.698601575
642598.832395972
642589.660809908
642561.512636774
642551.483458117
642553.096601896
642564.595286949
642567.84804971
642575.413512367
642565.595736038
642564.500894713
642547.923274976
642553.135305767
642546.853663347
642546.93875999
642537.219044938
642530.205717994
642516.512990208
642515.179735866
642498.896410079
642503.272297074
642496.234685547
642492.106382879
642486.210754147
642482.604607588
642481.736609484
642476.002391526
642479.754456329
642472.010219436
642479.884794062
642470.302822812
642481.73855325
642470.552855397
642484.95363292
642485.099094096
642488.249244253
642487.807450879
642492.063388175
642493.501696229
642497.006716357
642500.005009036
642503.084367807
642507.361862315
642510.402189429
642515.719797143
642519.157188016
642525.316055313
642529.619724208
642536.45563125
642542.107815138
642549.481116955
642556.955485774
642564.73974827
642574.482534294
642582.552623737
642594.965360764
642603.184672751
642618.611506346
642626.820926585
642645.541042216
642653.550010172
642675.776877176
642683.35843466
642709.244122457
642716.130797465
642745.773413101
642751.656480819
642785.113599021
642789.648238484
642826.954909331
642851.038971327
642871.080361335
642898.062540349
642915.655454924
642944.858941376
642959.327635583
642993.060937659
643003.876194764
643042.391722677
643049.094411044
643092.642680944
643139.914495866
643171.536145064
643190.127056806
643220.323739566
643224.765945069
643261.229187359
643300.755263314
643326.768075654
643367.459584056
643370.211866228
643396.042766752
643386.916961187
643418.795650733
643435.586628804
643467.012624251
643490.245285571
643483.715836168
643505.349247387
643513.978015929
643530.73885926
643532.75850741
643541.914381467
643540.191350349
643523.899081869
643523.480010628
643515.767217984
643507.974198883
643490.269344343
643471.075936033
643463.714632977
643452.951792726
643460.527326561
643465.988610052
643466.464752012
643464.624674185
643450.27782857
643437.16478718
643424.932835141
643397.359049823
643402.352418698
643399.320492384
643401.026017314
643393.103816754
643379.531491882
643356.879234501
643353.059397853
643346.091168937
643339.238276696
643322.825203095
643302.553790332
643296.005996275
643291.732057614
643282.416106684
643269.889326379
643245.338133036
643244.313855995
643237.173884704
643235.481758098
643220.959241813
643200.190491543
643200.03204178
643198.989564924
643197.996819998
643193.165615879
643180.840119489
643156.448105321
643157.588627809
643154.686981715
643157.166721952
643148.860668889
643140.485356686
643116.001414727
643116.244234868
643114.084102341
643112.642298206
643107.604341842
643090.732250595
643072.323513505
643070.337674856
643065.096336742
643053.230776198
643055.11165548
643049.966292915
643041.529617283
643028.071872988
643006.849974789
643000.824044065
642982.84574449
642988.494897982
642982.40376609
642980.717385885
642969.718504461
642949.225481473
642944.40190427
642927.723367724
642933.882838684
642932.831510538
642927.019353522
642916.929254678
642909.34007659
642895.833026217
642893.834527851
642876.682370455
642880.353659004
642872.613145057
642866.373748042
642860.294847163
642853.304642525
642852.983511184
642843.043882111
642848.322087732
642835.719648578
642846.28235096
642844.500556512
642844.723097905
642844.122134901
642844.617493803
642848.273187133
642847.192414782
642854.552529348
642852.276768003
642862.714722366
642859.676191164
642872.529010586
642869.194007014
642883.797185028
642880.644490941
642896.368487309
642893.870983506
642910.156562764
642912.725860121
642925.620534933
642923.729052191
642942.785778927
642965.297903321
642968.522762163
642980.579233055
642978.830297789
642988.786538252
642989.417638133
642999.112887738
643002.433760538
643011.855648188
643018.122402968
643027.266201519
643036.680371843
643045.523928375
643058.237062539
643066.719853531
643082.84332409
643090.848504907
643110.465763644
643117.808062849
643140.989272958
643147.408915148
643174.225932315
643179.388344581
643209.928176896
643213.430926216
643247.809137964
643267.417459583
643285.405537541
643307.646992938
643351.513654619
643363.22959631
643391.273016968
643394.543323882
643423.302365509
643421.952257597
643456.567409376
643488.91258196
643512.618229226
643519.94137324
643543.204636783
643537.771348495
643568.365970621
643593.403392237
643614.618399112
643639.60329093
643632.462712401
643651.802085364
643658.566787868
643673.51838729
643680.159718868
643677.349071417
643673.824072222
643656.920984951
643652.592475303
643642.003012579
643631.525298524
643607.199090737
643607.196713576
643605.884895451
643604.819609031
643601.720943736
643586.099137372
643572.576266847
643552.117477734
643545.023417765
643540.540848876
643530.950334564
643519.209628984
643495.944057009
643493.128178996
643486.362956472
643481.582715521
643467.267844759
643445.430163018
643441.675673097
643436.398353155
643429.827242284
643415.526815214
643393.759286493
643389.2566235
643383.517264627
643376.165859141
643361.202531707
643339.721238254
643334.661162887
643330.218431482
643322.470276396
643310.599507447
643285.694438632
643285.78841373
643279.553526904
643279.50157843
643266.510404358
643254.670669376
643231.807663506
643228.622459597
643224.249204451
643220.958184158
643211.906080481
643195.371410832
643174.42990909
643169.007687805
643168.76381902
643161.904100957
643157.415546166
643142.307175662
643117.404768311
643115.681879351
643109.462115969
643098.447936955
643099.41441993
643095.742475331
643087.622163079
643075.422820722
643053.101631948
643048.688627536
643029.201490116
643037.100665955
643032.566246526
643031.711655078
643021.334649059
642998.544786957
642995.696237555
642975.528519451
642984.133970786
642979.564427129
642979.740816623
642968.134965951
642961.681016774
642943.799961902
642943.141302085
642931.750410302
642923.539579893
642906.667309183
642888.843230005
642878.532215121
642864.487207108
642865.966425549
642850.612372353
642858.244685774
642854.151284238
642850.843707428
642849.098735268
642844.99601686
642848.944740782
642842.33671666
642851.542123201
642842.722641487
642856.592141419
642845.928910181
642863.750406081
642867.04979433
642871.485358759
642875.56465675
642880.320701797
642886.70135292
642890.866664738
642898.946226804
642902.897492476
642912.120032202
642916.258537332
642926.143185655
642930.883994119
642941.04392032
642946.79893261
642956.947003431
642964.109016049
642974.059563233
642982.993457565
642992.656210962
643003.691858651
643013.055754626
643026.480901855
643035.587107213
643051.641649493
643060.553386992
643079.431405317
643088.205121394
643110.061716548
643118.719311732
643143.679738115
643152.183327111
643180.353853383
643188.58651938
643220.067516408
643227.822126832
643262.720201939
643269.694043643
643308.131339288
643331.537048315
643354.293960203
643380.13183134
643401.312465935
643431.469682229
643449.76853707
643484.632004083
643499.345991875
643539.289827093
643549.774764576
643595.14911281
643647.529110128
643681.459503293
643703.660942825
643736.623969978
643743.531599906
643783.242184402
643827.28904087
643856.993362485
643872.286566951
643902.273311993
643902.650594976
643940.635852575
643977.029170602
644006.182537319
644044.611716645
644043.316897504
644072.362121297
644086.784347592
644114.273308098
644134.883282133
644147.369302925
644152.028071573
644139.703584934
644145.770526641
644144.18790995
644143.078406499
644136.62540473
644121.032908245
644100.516660717
644095.112849537
644098.472111365
644098.718952225
644090.32690099
644078.518158746
644052.84699237
644053.39604292
644049.475312513
644046.9982914
644036.324807742
644020.133508178
643998.513823646
643992.50113107
643986.05174214
643977.429436891
643961.380546826
643940.139949609
643933.87575003
643927.891231981
643918.193823534
643903.117147299
643880.298017873
643876.060195359
643867.221241405
643861.175550829
643842.134406416
643823.952160179
643817.952110072
643812.939721103
643804.685367097
643791.705178755
643768.224044695
643765.680502833
643762.675843892
643758.261768361
643750.345862542
643732.154988278
643712.507004448
643705.271765963
643705.136348618
643700.696428595
643690.5009093
643673.730478292
643651.036463991
643647.89764851
643641.248325192
643639.401223891
643627.714452864
643603.21997292
643603.420075448
643599.350096676
643600.554979506
643588.218264683
643578.182267884
643557.721254275
643550.850526095
643537.5099146
643541.459474091
643526.15838937
643535.887980899
643532.797284951
643535.617347084
643525.553582123
643520.658415962
643504.438644893
643504.33259416
643484.507911615
643488.87838704
643480.279523973
643472.238348685
643464.999428502
643455.669860299
643453.179286796
643451.172487554
643436.385823458
643430.733408018
643414.121770678
643408.113696538
643397.199280408
643388.236865388
643383.182764878
643371.372804722
643372.158531836
643357.698286499
643364.102647008
643347.283697121
643358.889120276
643356.743786176
643354.471693003
643354.522131019
643351.698265763
643355.56715464
643351.602158472
643358.587785677
643353.917738286
643363.258882238
643358.367359117
643369.291222496
643364.688276998
643376.45687993
643372.656313231
643384.609953899
643382.106665012
643393.697309801
643392.944971359
643403.759451181
643405.155195287
643414.928371905
643418.802949145
643427.415055252
643434.025569174
643441.483520992
643451.012711546
643457.422830207
643469.987303233
643475.521447042
643491.18602335
643496.040823084
643514.834637768
643519.18818335
643541.124207307
643545.097528005
643570.194506397
643573.818138916
643602.11912065
643605.306608828
643636.89451841
643654.084628449
643672.965094202
643691.550572073
643710.465806884
643733.138384398
643749.874038483
643777.071615859
643790.879676291
643823.047030286
643833.176872824
643870.745386271
643876.483401301
643919.849309998
643965.932653529
643998.270980482
644014.730182893
644046.492067134
644047.639891348
644086.574952104
644124.009712374
644153.369742968
644192.130317255
644218.179525018
644211.083034387
644235.474822692
644245.713292753
644254.37676475
644269.068787211
644275.413818386
644277.386597302
644257.9455259
644260.050698328
644254.570869407
644242.579263513
644233.924435521
644212.533716039
644193.116871975
644201.484555123
644209.119410616
644217.320238932
644226.832374963
644229.372107898
644222.794398039
644208.069771671
644185.457417931
644181.156016888
644178.060206912
644170.538762336
644160.907165494
644136.522128308
644135.453076882
644128.732338976
644125.625194143
644111.458523375
644090.025097842
644085.845572738
644082.364117623
644074.894464486
644063.443763938
644038.705593285
644037.788560312
644030.10491906
644027.245063144
644010.965616368
643991.48342628
643988.711362465
643985.26992308
643980.657815689
643970.827974618
643954.181809332
643931.618112432
643928.047609674
643921.635403036
643919.092004087
643904.849687267
643891.401663256
643869.008663753
643864.562790416
643859.97096903
643855.255086312
643845.742150937
643818.797582862
643823.005762481
643818.244228084
643823.572307136
643818.275569575
643805.748025722
643782.796877578
643779.841794678
643779.310211387
643772.069488937
643767.159569868
643750.782818723
643729.316453045
643722.496926801
643713.653238066
643702.78857375
643686.345522913
643666.325475368
643657.211148433
643639.905245877
643642.137796388
643636.088650398
643626.106120581
643612.308659584
643592.614995955
643583.913677533
643570.421134491
643571.949372272
643557.840465371
643564.344098313
643547.276642891
643558.708915363
643556.40063174
643552.834119845
643553.317194094
643547.791993786
643553.31639802
643545.086029046
643555.637738546
643544.763705929
643560.229319386
643564.443225458
643578.468793715
643578.519001035
643580.896078688
643574.932219759
643579.839496311
643571.809901585
643580.885383848
643571.166157249
643583.959913084
643583.697473717
643587.841926543
643586.946966559
643593.258383826
643594.923638471
643601.015377413
643604.729585778
643611.072221538
643616.296397458
643623.383622231
643629.577015642
643637.902691688
643644.546576084
643654.582957562
643661.205100139
643673.385981307
643679.579671051
643694.285007899
643699.719857463
643717.26394209
643721.68859681
643742.314995129
643745.555416677
643769.44096798
643771.391506617
643798.653176911
643799.259471275
643829.966110463
643845.83840816
643861.811443476
643879.53567618
643894.746376773
643916.334064968
643929.673662493
643955.317859461
643966.564736882
643996.443173708
644005.367002349
644039.647071082
644046.004523068
644084.848804452
644088.3814161
644131.954152389
644158.890378242
644211.199072261
644254.569755772
644268.727650338
644298.168053103
644294.975300883
644327.448958361
644357.19607712
644379.102411075
644409.625734655
644407.074226413
644427.209979735
644412.611736853
644440.12138952
644452.213261323
644475.152838127
644489.721732547
644493.680107683
644486.920076244
644491.815349322
644494.767012519
644492.207712667
644489.411180046
644477.093203817
644452.312198303
644434.121252412
644442.509486215
644450.114404324
644463.936885994
644464.196291141
644467.991401882
644461.767112064
644444.654309551
644425.637148886
644419.880666339
644416.60071973
644407.077200242
644398.132461712
644374.517694043
644372.308705392
644367.042694365
644362.305429765
644350.182261036
644326.24525317
644325.03452748
644319.623587468
644316.320248198
644303.222808942
644280.89049032
644278.067152451
644275.86102604
644270.852551785
644262.132995021
644243.397612823
644223.357584647
644216.136597524
644211.525975587
644203.684402508
644190.634808095
644166.889106673
644164.950075158
644162.423610707
644159.136555206
644152.213082157
644135.331449705
644114.906367985
644108.920770269
644109.276650125
644105.930165681
644096.509144789
644080.635710124
644057.452404548
644054.98818716
644047.822975902
644046.206788668
644028.736575653
644025.352821835
644014.411699639
644001.816806744
643976.089044566
643976.930363837
643958.018638704
643966.759481918
643964.214479824
643964.496501686
643955.356521214
643937.073926775
643918.420666085
643907.354921485
643897.093951741
643896.822558355
643896.896545219
643885.377359922
643877.998458153
643865.223223241
643854.632554175
643847.905410352
643840.457094746
643822.583194709
643805.419712487
643789.927271849
643793.030848773
643794.071863061
643791.156381235
643796.347734349
643806.274120263
643799.849928284
643801.717664312
643793.581181493
643792.945796207
643790.158728222
643796.998193934
643789.197032238
643787.983720717
643775.090479832
643778.237024479
643763.689810972
643770.885582581
643765.396988669
643764.654783249
643758.641474866
643760.248801837
643757.163370899
643758.425627256
643757.826437297
643759.028857673
643760.467211371
643761.882370477
643764.922031074
643766.81038058
643771.044518074
643773.655497614
643778.721043958
643782.295450458
643787.881830276
643792.651759642
643798.502128114
643804.692403773
643810.603690068
643818.436219737
643824.25289547
643833.948464587
643839.551243653
643851.331931377
643856.623952945
643870.715549677
643875.60828395
643892.24443784
643896.642756832
643916.063985366
643919.847512514
643942.299043403
643945.310098543
643971.043194502
643973.078516318
644002.34874815
644003.15359267
644036.218183549
644054.205987803
644070.635169874
644091.652833632
644106.002206328
644131.796702246
644143.225713027
644174.19785367
644217.794542074
644226.137782723
644262.305377213
644257.967866769
644297.363242224
644319.888977196
644361.666619994
644395.998514119
644423.604910976
644435.121223093
644434.528432739
644443.063510735
644453.795706352
644453.25918674
644459.004516911
644453.601859643
644436.815959785
644431.602889197
644419.808137936
644407.595501679
644384.228578766
644382.199025982
644380.030284584
644376.351136013
644371.79141036
644357.90486513
644336.767302758
644327.791401352
644303.264334108
644307.125868546
644306.405890522
644307.658172472
644302.150233677
644291.30043704
644265.762417404
644267.009487055
644258.960562561
644258.838298257
644246.707145612
644223.63826186
644221.362610943
644216.28549565
644211.56150127
644197.714535797
644176.221853093
644171.886790137
644168.393110193
644161.043246904
644149.683589043
644125.10561662
644124.318806426
644118.703285018
644115.960424758
644103.921576106
644080.474793543
644080.350495268
644078.949796743
644078.654034832
644072.436118191
644060.21705662
644035.597023659
644036.336153711
644033.157779508
644034.728323384
644026.614049009
644016.84245482
643989.787551092
643993.230563367
643987.571735151
643991.811802544
643985.189611436
643972.484165843
643948.833185191
643947.049056427
643945.229302
643940.568211843
643934.205117515
643917.468256644
643896.26822025
643890.428848287
643883.298836498
643877.334259474
643858.308742492
643841.740332548
643837.343452748
643829.520155705
643818.411470101
643814.949249957
643807.790691697
643793.175836335
643776.39343357
643758.401987973
643746.631098296
643733.200403589
643732.479443546
643716.217634633
643721.375029382
643714.978322574
643708.806315515
643704.367345532
643696.266943086
643697.749183723
643685.795729064
643693.179769756
643695.620194058
643691.611339842
643684.663800821
643679.28459025
643668.881536668
643669.344495539
643668.488319656
643657.404351672
643651.171010546
643638.450778622
643631.122067504
643623.803135922
643620.53866078
643606.823009521
643599.352681184
643580.248039755
643578.634944418
643558.144596972
643560.281976379
643549.306464876
643543.245128211
643531.481036386
643528.127859388
643518.66846342
643515.496783112
643507.797929449
643505.159282761
643498.702583135
643496.921181724
643491.235342342
643490.602546487
643485.28339966
643486.057416136
643480.780100997
643483.18562316
643477.707746397
643481.93914309
643476.097593339
643482.324274478
643476.023644354
643484.397794658
643477.595183804
643488.262310249
643480.94689527
643494.054500624
643486.223353774
643501.929496221
643506.192070982
643513.033458817
643516.851133184
643525.665292258
643530.763030372
643538.38521686
643547.284487009
643553.359092541
643566.436134293
643570.5826084
643588.180418373
643590.002423401
643612.420696664
643611.516653895
643639.006007234
643634.980700739
643667.74211202
643684.969992436
643720.709518205
643748.989117095
643751.927261256
643770.97553991
643758.690677728
643781.831890405
643790.412657985
643810.007157892
643820.841751911
643824.377068576
643817.282975911
643803.879944457
643797.905243902
643788.765720896
643774.242116763
643753.242957217
643747.718302748
643736.14393205
643744.456904229
643751.322273683
643751.648996284
643753.131644305
643744.368036407
643726.39037355
643705.816713594
643699.102342934
643696.901990232
643691.623035552
643678.844014684
643656.080546604
643652.958867208
643652.01555067
643645.329218321
643639.312289042
643621.870137085
643600.905639718
643594.124493278
643586.837838064
643578.769771877
643560.897580155
643541.422767016
643533.302157936
643529.74208255
643518.85740712
643506.785383896
643483.258171733
643480.298847171
643472.390202549
643468.994083802
643453.40144795
643432.621926314
643428.185904559
643427.435740982
643421.618635185
643415.115787953
643395.9077668
643377.108810433
643371.690506959
643368.17067493
643361.281677529
643351.521474323
643325.785270954
643326.962061645
643324.744239934
643324.160973469
643318.594432564
643303.775271799
643282.609269117
643277.890751569
643278.483317955
643275.758018188
643266.136280907
643250.463571338
643227.176354807
643211.041522332
643214.450825793
643218.092383723
643222.67107103
643220.744459393
643208.467093224
643195.745615224
643183.536733297
643170.467285992
643146.026707354
643146.047665909
643136.617470114
643137.127682566
643124.006865134
643117.311110247
643105.60549568
643085.469150703
643081.002513904
643070.332268854
643055.006624283
643043.138516798
643013.720080231
643017.930178682
643016.958080602
643015.079840351
643007.508863831
643004.525438178
642992.447325441
642995.378474604
642979.734443141
642988.223744897
642984.229941197
642980.586164395
642978.391294535
642973.614874504
642976.138595911
642968.819257332
642975.684868806
642966.129355168
642976.920152842
642965.468484729
642979.743876256
642980.06579129
642982.810584617
642983.298624409
642986.804891417
642990.050046079
642992.589455733
642998.366136646
643000.196735921
643008.28097234
643009.693288611
643019.860416709
643021.174577163
643033.197341774
643034.757049478
643048.402984709
643050.567585158
643065.598066271
643068.73416839
643084.903228249
643089.373651417
643106.42562336
643112.578981164
643130.248519173
643138.412025292
643156.427100117
643166.90287647
643184.986429334
643198.04507951
643215.91284103
643231.790094493
643249.153199633
643268.053106969
643284.620589795
643306.719442793
643322.20066112
643347.65474612
643361.76284723
643390.716433745
643403.167509513
643435.758573095
643446.272247406
643482.643925161
643490.94691025
643531.255183016
643537.077209343
643581.493252331
643609.323335282
643630.900437053
643663.647186373
643680.158666975
643717.893388813
643730.573101863
643773.701473834
643782.155008551
643831.054740846
643884.374786569
643922.209482345
643943.900623055
643981.124335378
643987.032564632
644031.393905376
644078.497310389
644113.258798348
644163.945784926
644169.483458361
644205.212635528
644235.654992825
644260.755899803
644292.551385625
644313.157691992
644322.717661889
644318.673556442
644329.245709128
644337.916429756
644341.502234159
644346.247934544
644341.43066131
644329.491343954
644313.090634305
644304.570826905
644290.951062984
644267.311253619
644268.844551723
644267.548677682
644270.632299215
644263.993040574
644255.594369456
644230.624635815
644231.457782662
644227.042728753
644226.287014683
644216.557415264
644200.58793507
644179.633350386
644173.286759538
644167.007828955
644157.392847157
644141.132952136
644120.195074681
644113.712500863
644106.525841967
644096.714316545
644079.641441513
644058.826050085
644052.596603912
644044.939380134
644037.1385533
644019.190280695
644000.089316664
643992.428992332
643990.433400248
643980.729628306
643971.984111915
643948.128657647
643947.630202797
643944.539192614
643943.436050922
643936.527871548
643921.806699494
643900.504697035
643896.681962071
643897.338257633
643891.895870634
643888.845141363
643875.112140302
643849.900551137
643849.672549941
643844.472241169
643833.937274559
643836.767127317
643834.457954498
643828.549458228
643818.354359946
643792.141939182
643781.528555974
643783.769998632
643769.822651635
643790.085171524
643795.462101173
643808.746427224
643800.761863984
643806.991767894
643789.124630716
643800.708016291
643798.083762653
643800.234807373
643788.894780728
643784.72374874
643766.375239789
643768.064179931
643758.222046328
643751.716867975
643736.566590161
643718.316124609
643709.916064906
643695.824005834
643699.319836704
643684.423680216
643694.107715897
643691.712000214
643689.476439282
643689.907906459
643686.622192443
643692.895151709
643687.138662693
643698.838005165
643690.841147731
643707.380254087
643710.879537569
643716.429890636
643720.633230837
643726.59870023
643734.027917521
643738.695167637
643748.654029826
643752.393575466
643764.182850062
643767.429301856
643780.386497111
643783.622031403
643797.158181353
643800.892089906
643814.519812631
643819.264672715
643832.61585285
643838.864545373
643851.698433231
643859.904238925
643872.103516054
643882.663528602
643894.219051987
643907.462193939
643918.446932741
643934.626763137
643945.162386815
643964.458551307
643974.681848963
643997.209560644
644007.23616877
644033.057900829
644042.947035579
644072.0890772
644081.815700485
644114.288586416
644123.72381524
644159.543485492
644168.444289414
644207.65117821
644232.002478795
644256.743362693
644282.975439203
644306.819161427
644337.086240693
644358.297896303
644392.976505907
644410.798472681
644450.277256464
644463.991906889
644508.657780281
644563.19251442
644596.191413987
644621.237309906
644653.154639274
644663.165176622
644701.793366324
644747.479630958
644791.937175809
644793.006143474
644833.214646435
644855.24090382
644879.590618236
644911.555204277
644938.171368562
644959.770662045
644949.77515177
644965.405200296
644968.631819973
644968.105544105
644974.351220789
644972.795100273
644966.129019379
644941.666808947
644943.854354397
644942.755556905
644944.874231463
644943.40122947
644931.131327289
644920.078712277
644898.554208269
644894.807419793
644892.504428251
644886.496072339
644878.954589757
644854.617538536
644855.474159146
644851.57083867
644850.042476482
644840.342317281
644816.496412771
644817.15220726
644812.882248769
644810.202155259
644798.108739932
644776.299408092
644773.692836886
644769.433084516
644763.517669644
644750.239993364
644728.675864673
644724.633459563
644720.686305442
644713.228035614
644701.943974268
644677.1407035
644677.754942263
644671.159839622
644671.554677805
644661.245566675
644646.02407963
644622.897170603
644620.190858716
644616.69029936
644613.410485647
644605.313893444
644589.301273145
644568.354695574
644564.072558472
644564.737312984
644559.769067397
644556.72752854
644543.235262799
644519.920602208
644518.954002333
644514.866130944
644514.843189005
644502.781018461
644491.15761616
644470.2619025
644464.360470797
644460.175436928
644449.47884013
644438.530767088
644418.406833772
644411.355569727
644396.742387204
644400.030916514
644382.990533926
644391.186152865
644386.07220654
644385.209772473
644373.455490691
644365.318643786
644347.704785904
644344.543358685
644323.447565105
644324.769092265
644313.679269136
644304.077558976
644294.246422708
644283.883682767
644279.382699333
644275.068440346
644259.01892688
644251.957625221
644234.820512313
644227.72949743
644217.078767265
644206.927264426
644202.849076543
644189.713139462
644192.046678606
644176.104491022
644184.437950659
644180.449486016
644177.409631998
644175.254740367
644171.826813929
644174.080409473
644168.830430365
644174.64564424
644168.017786614
644176.471258676
644168.990177313
644179.143937046
644171.3897743
644182.35423859
644174.934280521
644185.924628798
644182.870659684
644190.537181138
644182.205038454
644196.240578951
644196.43024616
644201.922358781
644200.527334908
644208.098282975
644209.1956181
644215.670868705
644219.586995734
644225.085765664
644232.062495668
644236.78354543
644246.980612401
644251.159191138
644264.663901779
644268.525683582
644285.368019893
644289.084995534
644309.257762323
644312.909871321
644336.391660701
644339.937586381
644366.716089758
644369.975223324
644400.069037137
644416.14145565
644434.719034222
644451.704006844
644470.607539454
644491.543683053
644508.042945985
644533.317606157
644546.585457521
644576.606939984
644585.837963129
644621.017723302
644625.474141375
644666.210832338
644708.831372023
644738.292118876
644752.164897511
644780.87904956
644779.805297364
644815.568107883
644848.476101709
644874.573916796
644907.989164945
644929.20775364
644918.948424385
644939.593733667
644946.843203482
644954.059286196
644964.403058698
644968.279840911
644965.828452825
644944.074821363
644942.983360247
644933.39055978
644918.688718638
644905.317187913
644884.476031925
644863.651946835
644870.624267695
644876.303212899
644882.158858968
644889.282578358
644889.443983168
644880.439676178
644863.31207252
644841.085795364
644834.329670221
644829.424863212
644819.282983688
644806.462755669
644780.934024163
644778.894846752
644771.048981367
644763.627977511
644744.991633959
644725.460382705
644716.353877313
644711.287997162
644698.417304592
644683.5028345
644660.896744856
644654.180345303
644644.054173165
644635.372960651
644616.124944748
644595.324527167
644587.873758067
644581.336121779
644573.505546339
644557.696652677
644535.350337345
644530.356878772
644528.901737959
644522.61795322
644516.792051704
644500.689838234
644477.275607806
644473.315596456
644470.090892402
644467.496388364
644457.936895135
644444.388798289
644418.24869559
644418.241801173
644410.794399568
644411.773908064
644402.043061125
644385.191152431
644363.145023822
644355.978241814
644352.843125638
644341.453576228
644332.268173478
644310.118904085
644304.150520974
644288.614818788
644293.486436491
644292.641775965
644285.948626779
644277.274784602
644254.488958811
644249.579084818
644234.026205633
644238.736787576
644239.109477133
644230.989329373
644223.116589166
644212.388004948
644201.881995453
644195.889735148
644182.25747246
644181.196836596
644164.637458995
644168.697571365
644161.185032657
644156.181934818
644149.95423855
644153.388787826
644147.890405894
644132.799728363
644124.045259239
644101.209418635
644100.402450408
644088.028769013
644078.7129454
644064.230158997
644049.715904748
644032.312896911
644023.922151858
644004.767217327
644001.169430467
643980.666219761
643981.117139298
643968.965573589
643962.371961428
643949.027739888
643945.340632052
643934.117921907
643930.416859697
643920.550849699
643917.216032248
643907.981060833
643905.405649066
643896.155506701
643894.733774349
643884.937539649
643885.05563628
643874.320534095
643876.342981909
643864.41991804
643868.67782647
643855.456668194
643862.241551079
643847.734916456
643857.297123532
643853.236042467
643852.831844688
643848.727668873
643849.672152454
643849.149489502
643848.940232489
643852.283951999
643850.934713845
643858.367052375
643855.865373729
643867.547528267
643863.832789485
643879.874379339
643874.820331899
643895.29045106
643888.692122389
643913.634602333
643923.947268057
643932.491862147
643945.998414913
643952.177020083
643970.615010366
644000.312510106
644025.903110897
644023.640951296
644041.878766024
644045.164426084
644043.510298034
644051.323949643
644063.832729655
644071.809710458
644067.304732298
644058.662296335
644053.894608667
644048.397818836
644034.808646224
644020.690008654
643998.365822418
643991.696100934
643972.943293197
643980.95809716
643978.626124521
643980.779438156
643974.343972069
643958.976679065
643935.596414502
643931.462635749
643930.458018394
643928.37472075
643918.717913777
643904.337607616
643878.570270137
643877.455621049
643867.985200596
643867.150608033
643854.893331711
643827.795761562
643827.921901507
643821.799084042
643819.33853719
643804.726277714
643790.129184527
643768.019438504
643760.412187899
643751.833239736
643741.986403563
643724.329375302
643702.094244528
643695.506139769
643688.249812792
643679.884181155
643663.83582733
643640.888098106
643636.096567327
643630.625070266
643624.869744685
643611.740847799
643587.609401498
643585.244081772
643583.398473275
643579.223822163
643573.259323943
643555.123029073
643534.902649906
643531.182205119
643527.129957161
643522.664682875
643512.235894637
643496.340543674
643471.770522863
643469.13198098
643460.641784855
643458.763923681
643446.309736283
643421.171895202
643420.571844356
643415.410731616
643415.25130993
643402.283367117
643390.353711966
643368.360023575
643361.802821719
643343.962300723
643350.175992067
643346.879068316
643343.305896833
643332.762925338
643305.782399934
643292.843286421
643295.510359429
643278.829510058
643300.069669644
643305.541872131
643319.049577981
643309.816878903
643317.18929996
643313.068365704
643308.028294733
643305.951226911
643309.680560141
643305.41719018
643287.55381211
643281.616049518
643267.279987248
643254.405550154
643241.971343015
643232.347498476
643208.767599936
643206.150430704
643190.659498331
643199.594993026
643185.941448933
643200.525808388
643201.699725344
643202.402263275
643206.277917241
643205.982390933
643214.373924493
643212.282313714
643224.605930469
643220.897268665
643236.50455974
643231.417816115
643249.633234201
643253.937607098
643262.865176642
643265.567035738
643276.520965731
643280.622392723
643291.054220618
643296.224085283
643306.454008543
643312.425562689
643322.834960646
643329.407514005
643340.427276407
643347.459141425
643359.551623749
643366.947538973
643380.586902964
643388.281551908
643403.933149084
643411.873797927
643429.97694037
643438.105785351
643459.057247183
643467.292059716
643491.432385074
643499.649611573
643527.255323934
643535.278194679
643566.560722173
643574.153151081
643609.263306771
643616.12779918
643655.164232745
643681.210488088
643704.250768135
643733.096302429
643754.609042052
643785.769219248
643804.717772611
643840.442974588
643856.225114606
643896.687943928
643908.759110761
643954.112133728
643962.005120131
644012.386683792
644015.727825116
644071.271034484
644107.256424094
644169.744538657
644222.79429748
644235.75547146
644277.047027192
644301.596263912
644312.079331319
644344.798148411
644382.660313798
644418.472103034
644439.861553911
644444.246191765
644464.169049297
644486.074560873
644497.87223523
644518.466778547
644529.15898615
644532.154980927
644527.553332461
644518.702125598
644490.043731048
644497.313353642
644499.667729943
644502.597884971
644504.500583803
644493.810641572
644485.156871106
644461.797862104
644460.624154542
644459.673280909
644456.809192159
644452.323720438
644437.527195201
644415.749623763
644411.256165078
644407.552048462
644401.579644046
644388.81529921
644366.632117216
644363.060470942
644358.204943382
644350.685636963
644336.747938831
644314.843091263
644310.173207282
644302.947928301
644294.316518338
644277.200516807
644257.023635716
644250.190378573
644243.01017168
644234.035983804
644216.431055388
644196.777442053
644189.574878626
644186.200329637
644177.244546469
644166.771200823
644140.561686821
644143.021578744
644139.980312657
644139.991842099
644131.841346723
644120.229488056
644096.043524429
644096.069428506
644095.49199447
644094.725097812
644091.566138099
644077.287893795
644064.844090492
644053.589869465
644041.465959935
644017.356685407
644018.948055195
644014.15465531
644016.703033367
644008.928418905
643993.092171965
643973.301094988
643965.644295972
643953.596704668
643957.106741356
643957.542769765
643949.603649513
643941.408320541
643921.128189739
643915.546197295
643902.553364516
643906.349272931
643892.210743896
643900.644847546
643896.496977621
643892.465330601
643889.385467098
643883.245178902
643884.944220638
643874.978367337
643881.662397092
643868.08151305
643879.949863216
643879.037700025
643877.498518062
643879.197575253
643875.779585948
643883.247143762
643876.785535373
643890.091832824
643880.811652416
643899.856340926
643905.580506902
643924.741370861
643925.221911897
643932.863525701
643928.934113458
643939.340238436
643933.745946508
643948.604050197
643941.789886545
643960.422597228
643965.224052738
643973.611945012
643978.220652924
643988.616791763
643995.335681522
644005.856865968
644014.04087279
644025.032214062
644034.066572338
644045.874607715
644055.20693299
644068.171969901
644077.337436803
644091.785950513
644100.423192613
644116.660942962
644124.518748624
644142.827597795
644149.762788141
644170.397989624
644176.360545857
644199.549609435
644204.561620937
644230.507195255
644234.635346837
644263.519411656
644266.845276882
644298.83681392
644316.2446811
644335.35807221
644354.085623098
644373.652772163
644396.233827781
644414.536145033
644441.29129767
644458.002374382
644489.218340638
644503.963729965
644539.890721292
644552.258846304
644593.109088689
644602.662253345
644648.60930524
644654.896474295
644706.080432383
644739.642407077
644762.141970223
644803.159344207
644817.459278491
644864.326143721
644873.47982113
644926.44679992
644982.336111394
645024.429000016
645045.66232489
645087.219445268
645090.565712739
645139.279135494
645185.743751292
645224.793183356
645274.771637099
645277.334033381
645315.899273766
645337.422299103
645374.112640198
645402.15901344
645423.231559567
645435.278901359
645424.577116383
645439.700332805
645443.456938924
645453.625739493
645455.773714681
645450.365853662
645442.377621019
645423.594573945
645405.120502287
645402.802505857
645399.969816715
645399.048089676
645390.122543477
645378.821625415
645352.71219772
645354.883439248
645351.395783856
645350.151344184
645340.031171115
645325.608940026
645303.217297436
645299.05300309
645292.747784922
645285.775115837
645270.093271454
645249.524551404
645243.301618557
645237.820881743
645227.544456371
645212.350808216
645190.111934388
645185.124477516
645174.992461879
645167.403295523
645142.920528349
645142.842083997
645137.449649081
645134.761930472
645123.601874025
645099.322058051
645100.211075046
645095.849970262
645096.577154783
645085.504444533
645074.558785466
645051.412820823
645048.977496753
645045.489014531
645042.298307668
645035.00785834
645018.031211268
644998.08355168
644991.847807597
644994.081152896
644992.893110913
644983.83729408
644971.694062464
644945.288301205
644947.491948099
644944.733551068
644940.540838617
644932.93170878
644912.549844525
644896.35792816
644879.433116024
644882.18615876
644882.280211202
644888.132401868
644884.5579835
644867.080513931
644860.901544652
644845.661930222
644831.941866102
644816.853969277
644802.536382732
644782.428282282
644773.660289596
644758.187635131
644759.133623499
644743.021767682
644747.73250859
644739.980954683
644735.626692689
644727.746446937
644723.840567741
644720.141629613
644713.804375398
644714.512907745
644705.794353272
644711.074013499
644700.074911165
644709.992862339
644696.87914788
644711.380398915
644712.156444035
644713.423027621
644716.158770766
644717.050759374
644723.983618613
644723.47921694
644734.251705103
644732.6829446
644746.799215247
644744.579889928
644761.429831111
644759.040785685
644777.936138905
644783.138946588
644796.080527697
644798.442645788
644816.065176255
644819.027446832
644837.934556142
644841.012800954
644861.562047179
644864.320908521
644886.858640193
644888.928051956
644913.78293729
644914.866369435
644942.341075712
644955.553906115
644971.145953367
644984.805363771
645000.685376751
645017.929687853
645031.886681792
645053.063073327
645064.922844374
645090.305424128
645099.954989786
645129.742408049
645137.114110667
645171.434886127
645176.488516877
645215.413718232
645218.115694946
645261.673583799
645290.283605301
645309.906478033
645344.146727326
645358.810516405
645395.993390082
645407.521041641
645449.848603434
645457.863615067
645505.517410817
645558.151501993
645594.055968729
645616.194367396
645650.802796301
645657.901361314
645698.9014315
645744.850661617
645775.438440275
645823.537914404
645828.86831442
645859.987672908
645887.738613638
645907.277528888
645934.408066515
645949.637109304
645957.432275886
645957.518208902
645951.925770904
645938.621174135
645923.441226088
645900.327353833
645895.808557058
645891.41518497
645887.057636974
645879.217612094
645861.416795026
645841.018666574
645834.240062221
645836.20874452
645834.484223834
645825.301564708
645811.636771652
645786.300743024
645785.355138359
645777.390463782
645775.753625121
645762.614392577
645739.238515503
645735.664041864
645731.534642591
645725.305287879
645712.523874573
645689.010497397
645685.328529835
645678.963276586
645671.350866441
645655.80926788
645633.769993188
645627.621485223
645621.036452069
645611.316019314
645595.765861379
645572.401566195
645568.027951662
645559.826455867
645554.490800583
645537.271251086
645516.802994137
645510.24902002
645510.820501482
645507.641324505
645498.326162739
645483.254079423
645458.473868938
645457.520522475
645451.683301095
645452.825378576
645444.356003127
645430.218262351
645405.86387713
645403.15632838
645402.079953443
645397.021990368
645387.302799426
645384.03362918
645379.228249803
645367.458094889
645353.7007344
645331.799943745
645324.99956334
645306.477803347
645312.126959224
645306.30601638
645304.185318452
645292.440513851
645269.641268412
645265.285188071
645244.633710137
645251.593054811
645245.458264117
645243.18366537
645229.941130428
645220.960516228
645201.336429748
645197.859815255
645183.549864696
645170.9044418
645151.564783702
645141.918820065
645132.304592398
645131.915039463
645122.520588099
645127.568857409
645131.793742712
645125.007607026
645121.649117274
645113.180513442
645107.822923368
645104.903868266
645097.298040702
645099.734048987
645090.199615766
645097.624033938
645086.527040642
645098.417251762
645097.498777565
645100.524874911
645099.612836334
645104.512197675
645106.632543139
645111.017219069
645115.536597122
645119.693638626
645125.960492113
645130.201641665
645137.583836608
645142.241688306
645150.160804611
645155.581886339
645163.540127983
645170.075100624
645177.67378412
645185.668949151
645192.620764186
645202.411954028
645208.540993745
645220.444324171
645225.67397555
645239.98086366
645244.316926187
645261.291171532
645264.793922705
645284.66864635
645287.422168008
645310.403459026
645312.486452817
645338.758877331
645340.213363636
645369.943421161
645385.378047829
645402.637780846
645419.584939932
645437.27375701
645458.402739316
645474.546212664
645500.166199033
645514.272993092
645544.659434122
645556.200300184
645591.590900272
645600.022099113
645640.616934148
645645.404311575
645691.3676675
645739.256834447
645773.461871847
645791.420800542
645824.258745396
645827.334607444
645866.409898698
645906.51717859
645934.911260702
645946.903064994
645974.995314546
645972.420888857
646007.946243693
646039.418489646
646065.54109085
646097.786524104
646093.013403623
646117.743576793
646128.506299049
646149.296837955
646161.550190905
646163.809089592
646165.833428454
646150.109898295
646150.800311528
646143.950477219
646138.347936912
646121.12094095
646101.676558626
646101.793954036
646098.77166705
646100.445385155
646091.449627229
646082.684721498
646057.91448511
646057.742531922
646054.845735839
646053.379834047
646046.382022306
646030.272603562
646009.436945109
646003.366062713
646000.531987016
645991.573461098
645980.675045928
645955.118480376
645954.300328207
645945.887523686
645941.694573906
645924.72935685
645904.853769244
645898.205650415
645893.793701653
645884.699988386
645870.45080479
645847.954483418
645843.163279003
645837.773628149
645829.812853267
645817.005386752
645792.327185356
645791.670025742
645784.763425808
645783.994929061
645772.665976295
645748.268929023
645748.400949061
645747.534782216
645748.519732014
645742.634285118
645732.478534536
645705.757111923
645709.271888846
645703.981693324
645708.830959023
645703.151109639
645690.362072376
645667.384135461
645664.721830338
645665.120087959
645659.027125124
645656.112667973
645642.054293853
645619.499337917
645615.419124837
645608.885306302
645601.339144742
645587.399268298
645578.939459748
645567.080575581
645544.185220657
645538.632970073
645528.980698101
645509.375979344
645509.286389244
645501.803643382
645487.58863902
645476.839203147
645461.014308156
645449.577538411
645450.103302052
645447.428853471
645445.540358923
645444.046280944
645440.874320693
645443.955460324
645437.635876344
645445.282596635
645435.931376294
645448.099812795
645456.721353275
645455.987904375
645454.235083239
645450.860502679
645445.837478278
645447.025641665
645439.842589763
645445.484758626
645436.515228251
645446.37491762
645436.065605484
645449.780753817
645450.169870296
645454.630372211
645454.947843206
645461.654845611
645464.825707157
645471.606071508
645477.139973935
645484.36866848
645491.720942427
645499.775847004
645508.376672607
645517.628162869
645526.909414398
645537.707480466
645547.128827382
645559.795709731
645568.87080616
645583.696228678
645592.011891902
645609.25061132
645616.47903096
645636.35079957
645642.251735288
645664.942717514
645669.359470806
645695.03077636
645697.881126964
645726.6769618
645727.932281915
645759.98578369
645776.921952429
645793.456345219
645812.380311015
645827.774360581
645850.654842671
645864.001668064
645891.161543467
645902.247819918
645933.986965064
645942.582765012
645979.171829556
646024.1840389
646048.564740272
646070.603078802
646093.318493454
646104.8765064
646133.583133782
646141.212393236
646176.244618085
646218.340268002
646242.737884969
646260.469418125
646284.543441162
646290.036960878
646321.441060212
646357.852077352
646379.62744164
646391.840158628
646414.10025424
646413.470826489
646443.828484025
646472.555255139
646493.974941159
646521.84485663
646539.182769612
646527.161718058
646544.656692651
646548.548934077
646549.683713603
646553.134873599
646547.757745842
646534.895849944
646512.867925724
646510.590102214
646506.72278075
646505.849124611
646494.0790256
646482.220621031
646460.445683855
646457.214391788
646453.237404759
646448.933461838
646439.243338336
646414.213268653
646417.100037526
646412.970359283
646415.305129153
646404.970896764
646394.048480988
646371.470606716
646369.279325344
646362.457921111
646359.285810246
646344.205562503
646324.68966616
646319.973746005
646318.57563273
646311.112836258
646302.146821953
646278.602677608
646278.295385873
646272.451136603
646270.553745868
646258.207764787
646236.251774007
646235.699961134
646232.918149673
646231.70825242
646221.445583588
646207.881169145
646184.266509164
646183.511451707
646178.90065273
646173.754491668
646161.657772017
646138.146208009
646139.52927358
646135.13228146
646137.613607305
646130.06003721
646116.024143928
646094.463853856
646090.807300759
646090.176116961
646083.129739665
646078.077652207
646062.306552431
646040.741056745
646036.15584214
646027.73919912
646023.914008366
646011.100427648
645989.921759164
645986.194260123
645966.459473499
645975.748345202
645972.166369593
645972.47634596
645963.524671629
645941.301981579
645939.832162669
645921.160026506
645930.967842649
645927.550033328
645930.05779997
645923.280506886
645909.13575139
645897.567224497
645870.706665125
645873.168191646
645856.655362778
645868.184728356
645866.809907845
645867.231132902
645866.731953018
645866.891500896
645870.678936032
645868.554099003
645876.576737002
645872.336281167
645884.46965679
645878.341950584
645894.378767847
645886.652935539
645906.301397613
645911.670685379
645918.963690119
645925.045061305
645933.073461971
645942.077036439
645949.488487151
645961.071827227
645968.196383387
645981.955597042
645989.169957229
646004.656365502
646012.374721373
646029.113655296
646037.770145696
646055.277390297
646065.308408106
646083.113180982
646094.944682185
646112.609695572
646126.640502132
646143.774239952
646160.361455007
646176.62865847
646196.080115464
646211.208156702
646233.778454452
646247.556096627
646273.446436264
646285.717476855
646315.080665916
646325.732228814
646358.680693951
646367.627839225
646404.246924723
646411.417205348
646451.779452602
646476.652071257
646499.392792268
646527.22102989
646547.670082307
646579.798349947
646597.619271949
646634.333055437
646649.174042379
646690.749890176
646702.251643559
646748.951767822
646803.661414583
646838.434856122
646863.999578247
646897.385406374
646908.802495143
646948.516937062
646997.353883022
647044.957990002
647049.939696529
647091.195213533
647114.029309988
647152.142317793
647169.416206296
647200.361058967
647218.070784907
647230.089943933
647215.286837849
647225.704151667
647225.745967936
647222.333265665
647221.935118583
647213.408444154
647198.164380249
647176.440748129
647172.925958877
647167.676551179
647166.728165635
647153.101406765
647141.842952459
647120.600935814
647116.186582973
647113.215861502
647106.718522499
647097.664842029
647071.291452076
647074.321043184
647070.408360794
647067.914498192
647056.293339955
647033.725302747
647032.638992428
647028.717077564
647024.606137686
647012.149116224
646990.336711057
646987.011471268
646982.620457154
646975.509624596
646962.27270263
646939.870602925
646936.420082553
646930.523393801
646924.086558491
646909.989991298
646887.628469334
646885.020388211
646880.341404506
646877.128290621
646865.033917452
646842.344362429
646841.408578423
646842.854319583
646840.805963782
646839.582071667
646828.064884781
646803.677052736
646804.644635623
646803.575575822
646806.203482972
646800.066525736
646792.006917167
646763.822016012
646769.664030468
646768.533518091
646768.603851546
646763.913881381
646748.707472022
646729.160873386
646722.496481994
646712.378794359
646718.032858485
646723.193474841
646718.47204468
646715.556728367
646701.010910684
646679.772464066
646673.540286194
646652.951003767
646658.828879299
646651.910370675
646647.565442258
646633.059635337
646623.410512911
646602.137691681
646598.961967206
646584.665345737
646570.789014112
646551.789147721
646542.492520993
646531.185164033
646532.109139381
646520.166594591
646526.756508838
646528.959110405
646523.866045325
646517.514957441
646510.851912899
646501.728943831
646500.732019718
646500.549613796
646487.728602389
646483.352358886
646468.658359612
646464.029302804
646454.479057596
646447.716398439
646442.888360363
646434.334859963
646433.661591018
646423.725341338
646426.526509301
646415.666524245
646421.188965925
646409.895904823
646417.361249438
646406.138686046
646414.793457154
646409.627695569
646413.52945122
646404.425820312
646413.607362284
646404.529460949
646414.911820698
646405.633893932
646417.406586728
646415.542494104
646420.448425714
646416.3383034
646424.330186662
646422.372374504
646429.625660642
646430.135225076
646436.589708262
646439.844978121
646445.486416444
646451.726386425
646456.5608199
646465.985112126
646470.014378097
646482.789085798
646485.987047604
646502.251522824
646504.543050825
646524.421061178
646525.666983557
646549.276454981
646549.260718809
646576.721314841
646575.146230074
646606.59006879
646622.769692091
646636.533682052
646655.958369808
646693.800549276
646701.628900396
646726.058721132
646725.238655566
646751.388054074
646746.15329036
646778.182944683
646794.856828633
646802.541399312
646825.706235935
646825.547146376
646855.657757722
646885.724960882
646905.92163634
646935.149105881
646953.089127382
646943.082222852
646959.154542037
646961.743775848
646960.31601252
646964.59508472
646961.698940414
646951.337942198
646927.456516155
646926.525131702
646920.388810865
646921.742112499
646914.775390571
646899.358184084
646876.147062565
646871.71179388
646871.506113484
646871.715343466
646862.454861734
646850.960297753
646824.450154211
646824.941623737
646820.147770959
646815.410773362
646803.700532065
646778.22365945
646778.446805295
646772.301874915
646770.949845615
646756.951173749
646741.424123328
646719.250739423
646711.758926172
646701.022904212
646691.642765819
646664.842113487
646665.502355304
646658.295213903
646656.336006853
646641.653077534
646620.059230496
646615.326074056
646614.764943495
646610.471794222
646600.696291999
646582.190191355
646560.487333216
646554.491919532
646548.50762938
646542.915031397
646528.473394223
646505.669493313
646502.021932277
646502.760672249
646497.52037429
646495.270284949
646482.144722902
646454.764865142
646455.588262537
646450.792896543
646450.889312451
646438.957026377
646428.838197594
646405.423265843
646401.446132133
646382.352723968
646392.156084867
646390.493188367
646392.904700974
646385.897625245
646369.105912042
646347.308856703
646339.141911938
646335.953928477
646329.185380829
646312.914521642
646292.841412449
646278.411496704
646267.083970846
646254.566468842
646250.003467904
646242.394010421
646226.026000533
646213.806423696
646195.708036511
646174.385767721
646169.400029749
646159.258195072
646164.385897543
646156.068506417
646166.402978732
646154.860401224
646170.17498406
646172.047563271
646173.416510296
646177.412713949
646177.191883497
646185.788400206
646182.960229782
646195.969878871
646190.730451581
646207.903553101
646200.506298723
646221.534850012
646230.209882955
646237.37373472
646247.296842053
646254.130318553
646265.178725547
646270.745312032
646284.729829511
646289.340628607
646305.93969282
646309.963035313
646328.818984515
646332.67191022
646353.401000486
646357.530768346
646379.731558123
646384.597239034
646407.866667652
646413.923406677
646437.870271944
646448.420457729
646470.360369244
646476.357775854
646505.335725155
646520.526685622
646541.845578461
646555.715003607
646580.032473088
646596.526719744
646620.256721501
646639.653441523
646662.501815978
646685.039519049
646706.730631774
646732.611732244
646752.890025225
646782.285690495
646800.913830536
646833.969432245
646850.723191565
646887.566272949
646902.230206413
646942.980737249
646955.342890958
647000.123975661
647055.702803428
647087.270006176
647115.723463094
647144.704255993
647160.896956336
647194.906560068
647245.880022352
647292.831207454
647304.213828952
647339.495681335
647359.459966074
647369.846272213
647396.306703348
647432.487862129
647466.081613723
647492.785610077
647505.399654029
647502.719032169
647513.666674114
647524.526495729
647527.090117589
647534.366979745
647531.190142495
647512.868852036
647511.339116326
647502.259732892
647486.876495876
647474.93157857
647454.863556697
647452.476685394
647447.518109108
647443.714710958
647430.626338379
647415.841846587
647393.455551614
647387.48018572
647380.631236347
647372.482932699
647358.194652399
647334.046899661
647331.423207439
647322.527130302
647318.026628501
647301.791366666
647280.466030909
647273.207381881
647267.505892304
647257.441956114
647241.172621362
647219.503800425
647212.523801424
647205.196980259
647194.80384821
647177.677790055
647155.874495009
647149.42077832
647142.152989021
647133.790002688
647117.649480778
647095.306482863
647090.91553814
647086.362057273
647081.657151519
647070.099760592
647045.48204566
647045.531246108
647045.278859573
647044.490209008
647041.507776172
647027.459628073
647013.185212887
646990.261645703
646985.662093737
646979.821070673
646974.779432842
646963.426820844
646937.476290356
646939.54640582
646933.73753028
646936.427272275
646920.398905304
646920.192448173
646911.351348574
646901.873564211
646875.450585646
646871.244176633
646860.947572605
646840.426857
646841.312290123
646835.318294517
646824.147104644
646812.451641919
646793.44655398
646774.40473433
646777.840106038
646777.715679902
646774.103687253
646773.629981676
646765.715552677
646749.024755078
646730.197949156
646734.758499515
646736.286232266
646732.983687822
646736.040654438
646731.082822576
646715.495399447
646718.883976696
646715.441956122
646705.901337438
646703.14732694
646691.983385775
646677.725449329
646662.416834276
646665.500694713
646665.829114218
646662.5248974
646667.131819165
646661.103858123
646670.660010293
646662.699107722
646676.539104066
646667.062422463
646684.445679238
646687.454232216
646693.060640398
646696.027441343
646702.775339708
646707.762522014
646714.030307556
646720.552537491
646726.574583174
646734.216633398
646740.236586898
646748.66398219
646754.936015915
646763.902984449
646770.693959925
646780.040320748
646787.627280728
646797.267670242
646805.936995749
646815.84457263
646825.888300801
646836.07150036
646847.783188184
646858.261193544
646871.932777722
646882.710998062
646898.629765499
646909.675840257
646928.119589984
646939.341976857
646960.57605613
646971.810686951
646996.087610293
647007.090955666
647034.649387234
647045.097133302
647076.161183979
647085.653832545
647120.434224237
647128.510783623
647167.208239924
647173.364739585
647216.171959535
647242.863036053
647264.612342375
647295.628264328
647312.843178056
647348.7861545
647361.860176239
647403.074995119
647411.443659781
647458.232845089
647461.44760795
647514.066762423
647564.062548808
647605.440536618
647621.153049602
647661.687161561
647660.076212732
647707.43478414
647748.669569858
647785.901932224
647830.781563063
647850.989619946
647861.751329732
647882.71041465
647910.938768336
647935.561750448
647953.127938863
647961.702249641
647950.433086238
647961.794487869
647962.554975689
647969.947066672
647969.396923181
647961.091233144
647948.015763227
647922.853259097
647922.179115989
647921.402697625
647918.999206259
647916.016468201
647903.316325795
647879.353325159
647878.670138853
647875.600042499
647875.224420531
647865.21940481
647851.952033708
647827.610097719
647825.554847592
647816.730167582
647812.180332421
647795.461916481
647775.496325747
647766.891760397
647763.388433888
647752.938082368
647737.260102682
647714.24203746
647709.110087518
647699.821292673
647690.722478052
647665.629661804
647665.83226233
647661.709424786
647658.48002618
647648.496455321
647623.197220008
647624.929035396
647620.806842653
647621.903652813
647611.963790369
647600.75837378
647576.328752103
647575.388915989
647570.331995195
647569.775412678
647560.508519131
647546.628812214
647523.394498996
647520.769347826
647519.50474801
647515.509364098
647510.609943285
647495.916244834
647472.883531924
647452.399492876
647460.528334358
647465.944255163
647476.375726173
647472.973126428
647472.782888522
647459.031552857
647451.890540603
647430.372155518
647430.5392274
647418.922384863
647407.213160524
647386.173912526
647379.897776835
647364.891210344
647368.660255031
647367.419418765
647358.370928767
647349.394266183
647337.722730254
647326.09172141
647319.115585131
647303.819801753
647301.672846925
647293.49541869
647278.975196817
647266.51541791
647250.117166325
647236.864924222
647226.13826468
647214.313836422
647188.405467001
647185.653264389
647170.998155933
647175.68700851
647173.424418854
647171.036827869
647171.216617291
647167.590187317
647172.816961138
647166.822539258
647176.481749079
647168.524928789
647181.874189776
647172.450847575
647188.668309538
647190.395886099
647195.966961086
647196.595672105
647204.212577026
647206.008335516
647213.813409614
647216.244033406
647224.673844672
647227.296103775
647236.77604298
647239.25236532
647250.181467759
647252.282818437
647265.019752063
647266.620313146
647281.476171367
647282.540475381
647299.774871598
647300.334758793
647320.155444773
647320.282318842
647342.850656117
647342.624734949
647368.063493682
647379.492416864
647394.861439948
647406.468654249
647423.653436538
647438.69824141
647455.027025537
647473.752483758
647488.886068275
647511.50827151
647525.059136487
647551.76859635
647563.3131876
647594.28069859
647603.3745908
647638.756760591
647644.948376097
647684.892081309
647687.737597501
647732.387728826
647759.854290801
647812.017893401
647854.825547277
647866.778952122
647896.458247125
647890.008691341
647923.188212555
647942.417008932
647976.116943054
648002.694502946
647999.733525008
648019.099928899
648025.336700506
648040.764121138
648047.678880853
648046.873839006
648038.722018858
648020.782759685
648015.927053378
648003.614699203
647991.550250059
647966.773565065
647964.810208957
647965.172337662
647961.114307544
647953.268517212
647951.701604374
647950.129792586
647941.304510934
647931.551894784
647906.938558273
647905.483647453
647901.445884099
647897.636944228
647888.532910846
647868.951222343
647850.056919195
647839.579081159
647835.487313174
647824.115556684
647806.323462612
647795.939451426
647768.613925779
647771.402894047
647767.216940063
647766.852322254
647756.839821648
647740.996463654
647718.325538089
647712.512896286
647704.394059239
647696.095040671
647678.388610006
647657.317895676
647650.319406745
647646.262192699
647637.606460824
647626.45620171
647599.523668427
647600.89923403
647594.896427085
647596.710344321
647588.08261394
647575.144680063
647548.902352029
647548.754341915
647545.396724793
647544.188174725
647537.554424072
647522.566183036
647500.180870329
647495.68958002
647496.132470972
647493.814410205
647484.565326636
647469.356252294
647444.740523726
647442.732412865
647432.940060626
647431.13345827
647417.932525467
647393.512696383
647390.156707436
647380.649329804
647376.916811468
647363.557659407
647341.165704353
647335.528218651
647314.73212609
647320.956936701
647314.440226403
647311.431435024
647298.907708174
647276.168915406
647271.04257853
647251.056375045
647257.642352412
647251.774708471
647251.208970261
647239.453535338
647232.251683467
647214.748026737
647213.718332483
647192.493894902
647197.394095494
647189.620833796
647180.730493553
647176.059821515
647165.173822111
647166.372924964
647152.615394754
647159.440682152
647143.105957451
647155.152492632
647153.420925773
647151.34077011
647151.850226302
647148.854354762
647153.373272496
647148.774499511
647156.708966238
647150.832194057
647161.535478416
647154.751973286
647167.564163584
647160.283484467
647174.569668879
647174.774792225
647182.295857281
647179.426817266
647190.964459445
647188.637968655
647200.759225529
647198.796852392
647211.761570044
647210.054251411
647224.134182819
647222.625913878
647238.100899358
647236.768209897
647253.923952283
647252.755159851
647271.880731212
647270.852845741
647292.235707989
647291.292083002
647315.214516104
647325.246644909
647339.938613158
647349.871485518
647366.689385025
647380.179486639
647395.989919883
647413.438451165
647427.76496195
647449.509760877
647461.86471553
647488.172493403
647530.578302085
647539.725109337
647570.862452454
647570.106199195
647602.617103647
647598.460602582
647636.146657911
647658.832810812
647670.311297161
647699.464638945
647703.952124943
647736.665397119
647774.495648679
647795.604570552
647833.442244579
647836.328839417
647856.139724832
647849.290372731
647873.061383278
647892.588697919
647906.157767896
647923.995836211
647914.908047935
647925.820375617
647925.656309416
647932.630195369
647931.114534842
647921.784415528
647905.43255951
647881.61641564
647876.155006812
647874.542946411
647866.485065897
647861.777821654
647846.646470871
647821.372129272
647818.734453092
647811.578484249
647810.185068811
647799.908453355
647782.18467156
647760.138725452
647752.654064918
647748.973313316
647738.639044954
647727.910779424
647703.161490342
647700.03601394
647692.921816739
647687.439536351
647672.777086428
647649.378545141
647645.057685917
647638.918808758
647631.595053852
647616.668582657
647593.364137412
647588.323932222
647581.721557122
647573.826009574
647558.394640532
647535.211327589
647530.015294104
647524.602678253
647517.014683525
647504.391122916
647478.413285331
647477.693325048
647471.637257682
647470.614187595
647458.335497139
647445.261530301
647420.298979731
647417.323572347
647411.089040604
647408.283922932
647397.508457538
647381.024847805
647358.039719907
647352.322268733
647350.066606526
647342.318297969
647335.61246188
647318.445814257
647294.951757234
647290.206367189
647281.864659581
647277.985194352
647263.887272044
647241.873357883
647231.395155651
647207.002427925
647208.516553773
647204.217991069
647189.735440201
647194.266834364
647186.972727173
647183.087462849
647168.614037238
647158.704974218
647137.339875475
647133.554205576
647118.681798823
647104.078840162
647083.971987529
647073.696032275
647060.693982023
647060.318041361
647046.051630089
647051.034683439
647049.802629857
647042.827545749
647032.951766831
647024.290455001
647011.418090631
647008.456763539
647003.422447847
646988.860168236
646979.728954508
646963.700301375
646954.175945808
646943.911046492
646931.908369078
646927.157837962
646913.027743901
646913.358942829
646897.507987476
646902.324041651
646894.854506715
646892.449162896
646884.307945661
646884.315892508
646879.064096961
646878.561942176
646875.524199358
646874.836111519
646873.338054966
646872.801980761
646872.208781975
646872.169884139
646871.920100886
646872.723793845
646872.356631838
646874.341659534
646873.511976087
646877.00061647
646875.48238781
646880.775751784
646878.458711333
646885.833150315
646882.704522402
646892.407635866
646888.527032145
646900.779339564
646896.24992516
646911.250462946
646906.187402462
646924.117957539
646918.610620413
646939.638538573
646946.595163344
646956.762275288
646964.440200865
646975.931946306
646987.464276877
646997.801780606
647013.51639086
647022.254877615
647042.446620659
647049.090025552
647074.01599174
647078.037822888
647107.914988854
647108.780740313
647143.787501973
647140.978043682
647181.258916833
647204.329025161
647216.76020962
647246.861698555
647251.02823832
647287.018922588
647326.021892427
647350.883650948
647390.049417229
647391.532497482
647415.081006371
647404.197987923
647433.139689422
647446.776231318
647472.706488271
647491.127096636
647500.485095411
647502.41563979
647497.915944236
647483.782795007
647469.434677577
647447.238202534
647441.223171723
647437.957125273
647430.620592972
647423.87012194
647407.802823148
647381.623133758
647379.997603618
647374.237928085
647373.346955414
647363.960915893
647348.256235974
647325.16164954
647320.345455373
647317.574778244
647309.999220281
647301.38290034
647276.157329361
647275.509370514
647269.778309428
647266.657582319
647254.215364647
647230.67123553
647228.227697707
647223.18795003
647217.118204684
647203.737001619
647180.418581276
647176.776238879
647169.750000987
647163.072162576
647146.492273466
647125.721895229
647118.616073556
647114.945495277
647104.70728243
647093.592039484
647069.312136686
647066.982283758
647061.279301566
647058.265808723
647047.590735207
647030.871065318
647008.7709876
647003.312056602
647001.310438881
646994.921654933
646988.522749669
646972.290046509
646949.257640216
646945.53961533
646941.96937877
646939.989856142
646929.147418687
646916.356045037
646892.751374564
646889.360445677
646884.242644648
646878.671491284
646863.920894448
646859.036339381
646847.583481089
646832.838863775
646811.672556497
646803.931968891
646790.542685621
646793.415638109
646777.716203213
646785.872530902
646781.182194203
646781.256834873
646769.631441982
646762.048196371
646744.08426548
646741.380277429
646719.369474142
646721.121461746
646709.991548099
646699.278230244
646689.569396288
646677.38597803
646672.740371027
646657.458134372
646658.158881594
646639.970483014
646646.220449737
646640.127492185
646634.623183532
646631.018842936
646634.638814695
646624.373013633
646622.845453214
646606.559750889
646611.321792345
646604.505605827
646600.724283095
646594.975376376
646591.978229197
646590.981838377
646586.287036259
646589.409446466
646583.343966282
646589.822056229
646582.789237809
646591.778799275
646584.243665877
646594.874792102
646587.346293257
646598.781683294
646609.95905455
646603.807181668
646609.757458991
646604.93079251
646605.566610357
646597.935671063
646601.911977271
646594.25121932
646597.154598821
646592.13228793
646593.861106959
646591.832084295
646592.401302821
646593.626354152
646593.140144126
646597.785232094
646596.400315406
646604.54561377
646602.432997568
646614.090046277
646611.395431613
646626.528700366
646623.335630308
646641.889100158
646638.190086572
646660.113805319
646670.354947462
646681.794297609
646692.525811594
646704.960853723
646717.332205628
646727.883282595
646744.295843121
646752.288175279
646773.073144984
646777.805069954
646803.317849459
646804.09927296
646834.706920048
646830.895567173
646866.962340559
646886.772175846
646896.168685823
646922.770271162
646923.383770908
646956.607375323
646989.016257273
647012.076583994
647043.869002268
647064.270575379
647054.856162745
647073.579698228
647078.279924167
647079.732315946
647086.480171698
647084.77278852
647077.018126688
647050.585786269
647053.07182256
647049.217157121
647054.30546261
647052.708484195
647041.515500809
647018.109646719
647018.299220721
647021.083812924
647025.158444255
647021.076879329
647013.903954421
646994.996372998
646976.722871117
646972.690262382
646967.590300686
646962.459663784
646948.54347491
646927.01182803
646922.371339089
646920.654173422
646912.286884179
646903.280060816
646879.226244272
646877.325123076
646869.844824866
646865.449157336
646849.215182167
646829.094934005
646822.304949503
646818.77779381
646808.346101996
646796.363717873
646773.041286723
646769.343785992
646761.851646923
646756.55967697
646742.037604789
646718.943599531
646716.934171133
646712.526706871
646710.89846325
646699.547390734
646686.550869747
646662.587536412
646660.100281914
646654.914905951
646652.622872384
646643.262897225
646627.356932563
646605.460063148
646600.428137099
646599.79738603
646592.977054863
646588.134997356
646572.554466967
646547.316071683
646544.967075437
646538.052956714
646534.422311206
646521.553375959
646497.577935593
646495.917989361
646489.066734426
646478.996520718
646478.551440399
646473.671532723
646461.924387462
646447.482199998
646427.610119832
646417.839608076
646402.565582462
646403.029849041
646398.120181508
646385.993401081
646374.554508937
646359.992119345
646346.602001211
646336.904221895
646320.094307415
646315.361077059
646295.483738435
646295.807960551
646284.548950343
646276.211968758
646265.927958612
646257.872116813
646253.018283118
646242.476775695
646243.081449265
646230.151234074
646236.101162617
646220.91004505
646231.942442282
646229.754287313
646228.362910031
646227.938780667
646226.090430973
646229.860496611
646226.155583692
646233.612049786
646228.275722942
646238.824104389
646232.176291901
646245.168425253
646237.615278811
646252.385003172
646253.014572893
646260.051162982
646258.009451629
646268.517662781
646267.099437758
646278.114136531
646277.016072487
646288.949398181
646287.931234924
646301.207822766
646300.09020473
646315.131969813
646313.787362301
646330.997233863
646329.335883331
646349.0842858
646347.038179076
646369.653288442
646378.601838772
646391.671807664
646400.811214359
646415.621840844
646428.579056044
646442.254474504
646459.340266533
646471.57054795
646493.010151509
646503.480586414
646529.416826185
646537.812542391
646568.315800651
646574.324408671
646609.407381731
646651.723058939
646674.015181725
646693.451541041
646713.327956818
646722.402868589
646747.292842265
646784.269788128
646816.505070492
646817.880955988
646841.626292898
646850.146084532
646851.800761156
646865.832573967
646885.739091941
646900.773125023
646907.968131173
646905.395477202
646891.220148629
646889.797301755
646882.942468013
646872.602153448
646858.97643199
646834.775776777
646830.623315945
646810.087186829
646821.127617278
646820.675325322
646825.801412254
646822.4293335
646810.486951531
646794.705877216
646784.719497356
646770.814580881
646745.125087208
646745.338738095
646740.674511832
646741.063931538
646729.676512193
646717.432398213
646692.967731603
646688.322900182
646680.715547624
646673.534293564
646658.37367781
646634.048022402
646629.739841064
646621.985027488
646615.323490316
646598.517984977
646576.219231052
646569.225573843
646564.400211797
646554.560543791
646541.654224067
646515.097149541
646512.904260356
646504.839943245
646500.728766984
646485.741817099
646461.799441641
646458.413835365
646455.83869357
646451.804452972
646443.807025063
646427.331978029
646403.022323749
646399.146448943
646394.350655404
646390.861988358
646379.773841278
646364.596023605
646338.180768799
646336.119392623
646327.931430479
646326.572054976
646314.723724186
646297.031511818
646272.941463612
646266.111971511
646260.789030513
646250.72831823
646239.467281222
646214.400749794
646210.275506174
646204.927984994
646196.85524156
646183.311792309
646175.038037594
646163.759645979
646144.975279116
646124.653673815
646112.652486501
646101.670257321
646100.450857881
646087.628023686
646092.235597775
646091.562213603
646084.44852217
646076.574234811
646059.015629307
646045.506596842
646015.290622421
646016.683359481
646014.574955433
646009.154733392
646001.492194973
645994.703128562
645982.894199773
645982.088429411
645966.501711598
645971.637834868
645952.539290201
645963.452507915
645960.562950055
645954.989664931
645955.709623079
645947.482342425
645953.38040176
645942.554628765
645953.233118184
645940.137057689
645955.093084998
645957.918214302
645959.299678351
645963.371949507
645964.518550087
645969.590359617
645969.57419498
645977.243559616
645976.403114374
645986.189215689
645984.898787481
645996.338953035
645994.998823636
646007.665651487
646006.686914159
646020.202098106
646019.993441094
646034.039128431
646034.994948598
646049.319453872
646051.808735849
646066.224099751
646070.579236014
646084.951769418
646091.46158474
646105.699776524
646114.607883328
646128.646441639
646140.152964059
646153.936068067
646168.20578394
646181.669519276
646198.837413332
646211.886999795
646232.065096386
646244.560149794
646267.852031584
646279.598354351
646306.113105984
646316.858831212
646346.723298446
646356.157210671
646389.522873782
646397.277254735
646434.326709803
646439.988456406
646480.940062243
646508.057228179
646528.881383406
646559.888597112
646576.542469766
646610.411871966
646622.960338132
646662.223379576
646670.094845029
646715.195371611
646766.192438224
646800.278141596
646819.775252472
646853.36914824
646856.781957318
646897.689112571
646940.769876501
646972.182054078
647018.043715416
647019.674053138
647051.745537276
647077.107134759
647099.021538785
647125.272031002
647140.845261666
647146.501542428
647137.703522871
647144.885102079
647148.347417039
647148.336455775
647147.736014389
647138.10420702
647121.804205747
647096.957891938
647091.678380225
647090.850407855
647083.547177931
647080.211189266
647065.921159859
647038.716091302
647036.915047533
647029.618332664
647027.220011953
647015.253394716
646997.130914609
646972.974288177
646965.448167027
646956.983437784
646946.176670167
646928.350007616
646904.827335948
646897.016302765
646887.718218119
646876.475548648
646857.113334081
646834.586075668
646825.549537922
646815.715245489
646804.307000131
646776.96898169
646776.552676102
646769.20024649
646767.203147379
646752.759974725
646737.632586172
646713.353139074
646706.874747204
646698.421283971
646691.170284583
646676.211406509
646650.325696354
646648.525878139
646643.030531453
646642.199249548
646630.826074779
646618.872506088
646592.611706233
646590.350426346
646585.117003143
646582.314552248
646573.672784439
646556.40445742
646534.025585651
646526.546089543
646525.658424476
646520.998849453
646508.013614528
646490.821525263
646467.672769684
646459.471681142
646437.798353181
646442.860370597
646435.706566101
646431.365838712
646417.621872966
646393.040876833
646387.74842429
646365.151877029
646371.708958846
646364.734513743
646361.941596465
646348.147741389
646338.669314328
646318.948479904
646314.840516856
646291.739518577
646292.287202022
646280.144479383
646268.916152569
646258.294736839
646246.012994954
646240.560205302
646225.331496774
646225.221741489
646207.131918803
646212.434027511
646205.521685899
646199.778202692
646194.754786417
646188.358214088
646188.669521683
646179.72520904
646185.108613627
646173.842972602
646183.867440871
646170.612850426
646184.702784848
646184.609421976
646186.070313842
646186.666326887
646188.638972996
646191.810620995
646193.186726911
646198.311765018
646199.566151606
646206.021938844
646207.662616566
646214.858324622
646217.405185784
646224.81434263
646228.778521383
646235.963050695
646241.822374594
646248.442379328
646256.618116421
646262.436283184
646273.282696082
646278.163760428
646291.961350696
646295.856610058
646312.808525573
646315.733936117
646335.972855951
646337.983813649
646361.583705435
646362.744206643
646389.735607661
646390.087946709
646420.47766762
646438.090190081
646454.512169638
646473.790284652
646490.118702904
646511.07244673
646525.817159245
646550.786330636
646563.502313097
646592.740096821
646602.942898632
646636.709282633
646643.892952136
646682.450777885
646686.109237561
646729.72156925
646729.369407155
646778.295136838
646810.473234902
646826.580717133
646867.567211058
646916.113331052
646964.419845143
647005.398011281
647031.020244825
647031.927861341
647054.713632786
647073.771142055
647087.542556922
647104.842457395
647112.868998552
647109.922913252
647100.772307417
647099.67954216
647096.399893524
647088.57363613
647078.954574672
647053.427070039
647054.308802822
647053.311282466
647053.881462946
647052.295830185
647038.814718297
647027.461767453
647005.010277426
647000.68855556
646997.896054055
646991.409651221
646983.518064389
646958.219499037
646958.716093602
646954.466813501
646952.43717985
646942.781050521
646924.679426315
646905.102039575
646895.898960538
646889.766943255
646876.38509128
646855.074150266
646850.818095864
646847.999345417
646839.955802935
646828.620297524
646804.08509025
646802.207344442
646795.062108079
646789.776150791
646774.871096481
646752.820554787
646749.488018219
646745.086827416
646741.186084781
646729.226675846
646712.463732363
646703.88832902
646688.17208277
646666.556036129
646665.563821441
646666.911952654
646668.3370115
646664.119317929
646653.788963603
646627.97122417
646631.640849403
646629.129495486
646634.347230902
646627.08397952
646621.238756691
646604.783307566
646582.958354825
646578.751453857
646571.8629775
646568.189738906
646554.367151554
646531.957773109
646529.089186976
646522.717765607
646519.642674476
646506.245504229
646483.867377548
646466.673432009
646470.640667349
646471.159963734
646477.779994043
646474.654186645
646462.408292386
646441.183073733
646432.097379946
646419.144286589
646413.322323125
646407.006778385
646404.438683396
646390.318010905
646383.861896874
646362.808317534
646363.37469372
646352.174239105
646343.424268234
646323.148557535
646318.555965379
646309.054892595
646314.552905857
646306.758925456
646318.006706788
646328.075476586
646327.500925327
646327.743309728
646325.213996466
646322.372705308
646324.828094847
646319.821917015
646326.783396616
646319.877089748
646330.739893223
646322.281421653
646336.349644779
646339.111600576
646344.571112757
646345.929759507
646353.707451536
646354.586232819
646362.092542756
646364.127712616
646371.761207714
646374.491619722
646382.679895714
646385.714150933
646394.896638105
646397.923511048
646408.535580584
646411.32747795
646423.784142456
646426.192216835
646440.874685493
646442.818656274
646460.064855469
646461.514439833
646481.609075712
646482.559509624
646505.731850168
646506.181391417
646532.608951595
646547.269619551
646563.135223608
646578.453062286
646595.642193773
646612.71491543
646628.694643863
646649.850874606
646664.251322612
646689.6769785
646702.102552705
646731.941790676
646741.980862999
646776.34447418
646783.583188928
646822.561305128
646867.160270473
646893.490218564
646913.586860821
646937.755630791
646946.308057235
646975.884503044
647013.938991609
647050.055721016
647078.114657781
647092.418067197
647090.060547173
647101.551790722
647111.349235242
647113.028939268
647118.109777876
647112.635330806
647094.685082028
647090.322245569
647079.166553741
647066.861555018
647041.631082519
647037.070898914
647026.352110887
647008.223512391
647006.004615206
647008.198223177
647003.228988542
647002.910949816
646991.604425939
646968.376428562
646968.665016384
646963.505655407
646964.410995952
646955.910391346
646937.482005357
646919.530620174
646912.434297354
646908.385401955
646896.671400177
646884.620384529
646864.477664719
646858.654812686
646851.361102336
646842.073145164
646819.300493412
646818.939199099
646815.945022366
646811.629730802
646801.227772001
646778.127947346
646777.933777845
646773.275860519
646770.491241837
646758.470760077
646736.658994545
646735.820046571
646734.254562417
646732.471285327
646724.865600349
646710.643014473
646688.532439976
646687.122367133
646683.638899882
646683.065803982
646673.230739942
646661.523580093
646636.517735041
646638.478463809
646632.723687944
646636.100592335
646628.850268088
646615.468029177
646593.294468487
646591.130749443
646590.415074653
646585.817788532
646580.599721717
646564.928027087
646544.063719373
646539.763357683
646533.213457733
646528.843479027
646510.592619276
646494.883751423
646491.565059633
646484.878220241
646477.816928657
646457.458001742
646451.346229652
646430.307024999
646427.606104137
646418.735728378
646406.676690989
646394.973274025
646368.450567122
646371.23109289
646370.88761323
646366.5041309
646363.91392046
646351.153695561
646341.15165122
646322.960998822
646319.758718569
646307.479470036
646289.28676775
646282.153872667
646275.545144417
646270.863250556
646273.968431328
646265.89732538
646275.034325591
646282.691640871
646280.235786555
646278.572517244
646274.30091096
646269.64351729
646270.460821728
646275.456439947
646265.851566911
646266.348333356
646250.134400373
646255.321652666
646247.667647796
646244.953758781
646236.279702882
646235.916680536
646229.680939668
646228.934564282
646224.638364005
646223.886568091
646221.051891166
646220.668083269
646218.858129782
646219.202063381
646218.037177903
646219.445601299
646218.611842551
646221.391087337
646220.644254356
646225.068375359
646224.233825035
646230.544359953
646229.505704014
646237.909960653
646236.593058614
646247.269953417
646245.627451928
646258.735688147
646256.726934277
646272.412161585
646269.98140494
646288.384584767
646285.44275051
646306.71019903
646314.358676254
646326.11429146
646333.701339818
646346.884342451
646358.122979116
646369.619061851
646384.878920031
646394.201486976
646413.830299812
646420.491669083
646444.805909341
646448.336809705
646477.614256979
646477.579633706
646512.054857566
646508.067722536
646547.933319034
646570.470665119
646581.831300705
646611.768497956
646614.72226879
646650.717505571
646688.254999958
646713.310623286
646751.356642055
646752.69082408
646776.332357591
646765.51339625
646794.913442997
646808.968219985
646835.504100772
646854.702450598
646844.669591146
646862.743699857
646867.037099426
646867.983321158
646874.740787246
646873.106602242
646865.599214287
646839.858000572
646841.583801167
646836.995860574
646841.252634418
646837.094651977
646824.433270171
646800.706434338
646799.107286672
646799.941564009
646800.5188607
646794.012192269
646781.902296162
646756.59399462
646757.070395946
646750.784512952
646750.513217978
646736.665426836
646722.868857036
646700.856153188
646694.478116122
646685.639242841
646677.250347011
646658.509514325
646638.646561222
646630.086125
646624.171829526
646612.683988723
646596.856588633
646573.7814744
646568.608164407
646559.551159234
646552.465997914
646533.500675558
646514.086675751
646505.483382436
646503.107267133
646495.172620449
646482.243309099
646456.724957338
646455.620137876
646451.264539908
646448.242837168
646439.314013293
646422.184532824
646400.884118676
646394.311029539
646393.105443474
646384.471377189
646378.424625412
646361.487441695
646336.673591583
646332.886095066
646325.257251743
646321.01410832
646307.863146472
646283.064362471
646281.93416215
646275.304078064
646265.540152171
646266.570274077
646263.521934481
646254.386672476
646242.943048228
646220.39221489
646214.610850784
646197.041616609
646202.558811714
646200.165258333
646193.938914814
646181.204385716
646173.101722869
646155.957711683
646153.123952623
646142.510753781
646127.542620609
646106.820202814
646097.53249179
646088.364863254
646089.13764339
646080.54981969
646086.647517944
646092.132602745
646086.166060417
646082.740226152
646074.865919594
646068.436681777
646065.899890535
646067.670575664
646055.278061767
646053.278780022
646033.959249617
646037.997608088
646029.428559644
646023.493584008
646015.828338423
646010.807592035
646007.182736774
646001.142645424
646001.070296959
645994.397870599
645997.306857742
645990.399037415
645995.668854815
645988.921406914
645995.914859191
645989.708084297
645997.805458433
645992.494903869
646001.127535507
645997.035745965
646005.711773998
646003.122714918
646011.447330827
646010.606441065
646018.29358343
646019.410062266
646026.28138611
646029.530836141
646035.504218131
646041.035906574
646046.107927328
646054.054724959
646058.275282542
646068.763944546
646072.207133434
646085.3695096
646088.103209804
646104.087123299
646106.144096174
646125.121076648
646126.470952881
646148.639325194
646149.167268544
646174.755110609
646174.250067009
646203.515016402
646218.252440959
646232.992777365
646250.035212363
646263.517355066
646285.334961554
646325.455519546
646333.650212596
646361.314183331
646360.048246242
646389.870772572
646384.10229961
646420.312048224
646440.245786753
646448.529196974
646476.505498384
646475.618282442
646510.811166762
646544.566870828
646569.993491773
646604.410774426
646626.066338027
646616.781209096
646636.458086821
646642.527191549
646647.650184968
646656.611392529
646660.015664151
646654.029925406
646633.023613915
646626.814687283
646613.761588685
646594.312900145
646574.185668934
646571.730198379
646567.236073192
646563.373725342
646552.025324214
646535.026181365
646512.424731169
646505.350825738
646503.353926936
646493.636623475
646486.60478387
646468.19694645
646443.321187971
646437.804032015
646429.010213262
646420.739724941
646401.215072508
646381.279458088
646371.474615722
646367.822977741
646357.599528278
646342.167457076
646316.941490927
646312.77321098
646302.932633683
646296.083746305
646276.580437202
646256.635233962
646246.929011544
646243.268079677
646233.487906609
646218.273190613
646193.213796237
646189.185793701
646182.664946551
646176.099500984
646163.343284598
646137.035362274
646137.011415226
646130.880393181
646131.308577206
646118.874578971
646107.805511936
646083.234853883
646079.974289458
646075.735292154
646071.26920241
646062.933889899
646044.174000951
646023.69759213
646015.100471003
646015.006993333
646010.359685483
645997.506078992
645980.778039076
645957.826137762
645950.795287594
645942.885853105
645933.088584125
645917.063845153
645907.38590517
645893.028720857
645871.243552293
645863.00022119
645850.028179876
645838.739590005
645822.045062719
645816.333997509
645794.934261453
645794.609779803
645782.361238755
645770.994893208
645759.732950595
645746.91626903
645740.476199291
645724.234990337
645722.516789285
645703.114105566
645706.0415514
645696.565457598
645688.931967748
645680.433099397
645672.321094293
645668.632186184
645657.778323255
645658.946015247
645645.457863435
645651.44488081
645635.486859953
645646.155742585
645643.341397389
645641.076422608
645640.014881392
645637.147386632
645640.317932827
645635.642689787
645642.722072133
645636.547174853
645647.104050673
645639.821330324
645653.336099497
645645.408144717
645661.298581146
645663.055251351
645670.538072543
645670.575798263
645681.449314779
645682.689888755
645694.352866676
645696.399668594
645709.221388512
645711.703770492
645726.049582952
645728.633500147
645744.856649801
645747.251270804
645765.682829573
645767.639321537
645788.578809727
645789.887466799
645813.600311564
645814.086735631
645840.804572768
645853.483912797
645868.806518186
645882.126574781
645898.057620241
645915.175836437
645929.375816826
645950.587263116
645962.775903689
645988.319063893
645998.240601869
646028.297250729
646035.718662952
646070.420783724
646113.43385164
646135.550700454
646156.2324679
646176.214121828
646186.923868224
646212.282374516
646251.111112388
646285.210967517
646288.826340533
646314.227683068
646324.552162783
646328.683977145
646344.645687693
646368.536186694
646387.593230025
646379.645452116
646395.822876267
646399.333648865
646393.630240083
646404.680178125
646413.616598114
646415.617697102
646420.277503399
646407.360538246
646407.506847003
646400.08970395
646393.23623603
646378.868501925
646354.438163654
646354.390027998
646347.127241465
646348.522687222
646339.163930029
646322.11025435
646301.53925122
646294.542999192
646292.207660862
646282.417343859
646273.324810687
646249.896410537
646247.833563761
646243.129690266
646238.732900635
646227.496996289
646203.166295278
646203.0743942
646197.675759428
646195.583508606
646182.404736772
646161.012395886
646157.664384815
646156.548392913
646150.28451732
646142.538313994
646115.540754713
646118.556525462
646114.027868877
646113.368403732
646101.364070161
646088.420594774
646063.787711189
646062.282884899
646054.542654657
646052.259289872
646039.030399311
646016.369796873
646013.985001877
646013.990487654
646011.844794334
646006.331044438
645992.493869327
645969.386284106
645968.782029425
645965.099322101
645965.419727261
645954.73583941
645943.788887512
645921.322798539
645918.267301818
645914.749026441
645909.140517831
645900.767228477
645876.831774763
645876.642325066
645873.941143216
645870.066568423
645858.808259981
645854.740625628
645846.986996772
645832.487841488
645813.303370205
645805.7082917
645796.241188445
645799.612239764
645788.573115677
645797.990726257
645800.766327158
645798.722198403
645794.728377041
645778.968049583
645770.482499146
645746.851818726
645746.28703934
645733.839357047
645720.704092336
645700.277559764
645694.294945057
645679.232742507
645685.128966178
645685.854159115
645680.642731777
645672.877929884
645666.459786686
645655.859703674
645655.339905025
645641.850487989
645646.875787367
645646.473384606
645639.254539971
645632.56178589
645622.83999702
645615.282933033
645609.845570085
645600.892521731
645599.20400498
645589.236104845
645590.699430576
645580.103338307
645584.094271896
645573.251872382
645579.153802146
645568.432610904
645575.670043269
645565.414225999
645573.479695206
645564.00116652
645572.475025558
645564.049787585
645572.615521535
645565.485882166
645573.933960184
645568.308567108
645576.527223132
645572.585386279
645580.546973554
645578.447779115
645586.186131337
645586.076037602
645593.657423516
645595.678929263
645603.171738194
645607.473679765
645614.920092947
645621.667429136
645629.05587239
645638.434199704
645645.675600616
645657.89519523
645664.810342209
645680.11081664
645686.425454167
645705.073798919
645710.418481696
645732.703684176
645736.625071247
645762.854429062
645764.834112183
645795.324704716
645794.799888691
645829.869066934
645851.370173236
645865.440679784
645891.644212359
645900.546921118
645930.398465437
645934.456045415
645970.383865285
646008.516122811
646033.657462276
646045.823157625
646070.605439254
646069.229538828
646101.394772142
646130.771593485
646153.460563672
646182.413275413
646177.570846927
646198.72755132
646206.930691428
646224.131227597
646232.748744044
646233.394887112
646227.693428115
646209.624271692
646207.516037521
646197.258769911
646187.909431639
646164.553409607
646164.454112255
646164.817880387
646162.844548738
646161.624207935
646150.545352074
646130.005581927
646123.985916949
646112.456637581
646089.577532644
646089.623521396
646085.635443669
646084.097232979
646075.131966262
646058.246354886
646038.719630543
646031.370654136
646027.176716829
646016.513543311
646002.795258479
645979.862380385
645976.155070103
645967.398565225
645960.361723108
645941.759649532
645923.104627576
645915.138070538
645909.614007032
645899.702254133
645883.481190664
645862.870868735
645856.499392093
645851.96270033
645842.969739639
645830.779063993
645805.932194877
645806.161694941
645799.214272733
645799.561339283
645789.093181432
645773.410385621
645750.653644262
645747.092844191
645743.231942256
645738.430036303
645729.122854959
645702.692197561
645706.666528065
645702.307290084
645707.053842446
645701.251296727
645689.054746489
645665.630247704
645663.698182618
645662.608588068
645656.836285152
645651.521870621
645635.393202298
645612.578300612
645607.475268548
645597.986033576
645592.331531026
645577.415464382
645556.452651877
645549.915114365
645530.419952507
645536.034551268
645529.272278378
645521.946616449
645516.846678707
645515.486690306
645501.660218227
645496.240985333
645475.062977166
645476.092638264
645464.884802334
645455.969890149
645435.273363383
645429.950160405
645419.444116988
645423.574720611
645414.098563692
645423.509488206
645430.18839496
645427.52143817
645424.297152245
645419.686412215
645412.911208718
645413.555410111
645403.766861601
645409.472540058
645396.937777056
645407.361900966
645405.123028508
645405.271226226
645403.579887281
645404.188657833
645406.166120074
645405.351455114
645410.458026046
645408.729394324
645416.359691276
645414.280806347
645423.797092485
645421.958945686
645432.727314968
645431.717879217
645443.141943412
645443.5171015
645455.068074886
645457.325585722
645468.564942385
645473.123864179
645483.716980927
645490.903845151
645500.623780503
645510.669154824
645519.39377781
645532.43781324
645540.133860659
645556.235094791
645562.932897035
645582.086619302
645587.853746663
645610.01732733
645614.928364954
645640.046895332
645644.151236813
645672.183205185
645675.477115674
645706.42021312
645722.852807093
645741.40436906
645758.578861276
645777.415691097
645798.130757828
645815.040804262
645839.700244184
645854.142266402
645883.179942517
645894.586611428
645928.446881344
645936.250498935
645975.367305893
646021.425621543
646048.947325061
646068.284925142
646094.827852053
646100.802351307
646134.188727255
646173.498395478
646196.990964825
646210.473869888
646234.422452948
646234.315070986
646266.495729016
646298.536212241
646322.068608377
646354.672585816
646350.834589556
646374.345481463
646388.625671291
646403.791569919
646416.730889175
646416.543213969
646419.386075743
646404.734190412
646403.87686601
646395.55577437
646389.292877043
646374.6280779
646347.765528047
646346.623526617
646340.40796645
646339.397939316
646329.582304189
646313.148366819
646289.827754472
646283.979253852
646280.188541962
646271.517781431
646261.473552068
646235.676691779
646234.169559125
646227.357821149
646224.091442094
646210.673833583
646186.700448986
646183.633408445
646179.55467062
646173.480604042
646162.359223213
646135.898472318
646135.243863977
646127.969641236
646125.119344637
646110.078937527
646087.820672704
646082.49356898
646081.627179587
646077.113179023
646066.682910312
646048.211599768
646025.304985013
646019.404768622
646012.370187985
646006.868486601
645991.48014409
645968.447137737
645963.857540371
645964.415013351
645962.632512987
645954.887081319
645940.751969091
645914.628855148
645914.117161031
645907.908390485
645908.54096033
645895.457958412
645884.862891675
645861.09102079
645855.959404282
645852.316026415
645843.485370908
645835.029157552
645810.21356353
645806.99270163
645803.917556569
645795.496819212
645785.862566317
645776.575345379
645761.807919534
645758.468291803
645749.685408392
645734.501969737
645719.792826537
645702.606887128
645678.852706241
645674.353335302
645674.668123261
645672.491558121
645655.131382151
645650.018666312
645635.511583676
645622.881204325
645609.411697924
645599.639280319
645575.723715714
645570.972627482
645555.802331358
645561.31501558
645547.775232444
645558.30477889
645556.181665515
645555.422225031
645554.761866546
645553.523432281
645557.489110804
645553.864123232
645562.168201633
645556.31366847
645568.562360906
645560.737551887
645576.446905524
645567.011399476
645585.630556042
645589.309114177
645595.114805255
645598.730918052
645605.501589148
645610.902601239
645617.469561433
645624.261624528
645631.082045958
645638.890104907
645646.448977978
645654.925333618
645663.712722125
645672.543503716
645683.033339702
645691.943631531
645704.5762502
645713.332534792
645728.499188263
645736.904785448
645754.934043138
645762.82084636
645783.973765112
645791.195972312
645815.667739933
645822.088412888
645850.010355778
645855.487959477
645886.941195292
645891.322119857
645926.354732826
645946.474043311
645966.448647753
645988.634770852
646007.546285711
646033.741563243
646050.357093023
646080.780299722
646094.665060665
646129.528312679
646140.265209726
646179.775585611
646229.977018944
646257.022154396
646280.804067755
646305.955836569
646317.112186117
646348.041623469
646391.707665738
646431.855162652
646435.43106234
646467.527250906
646482.850105502
646513.167254523
646534.868915838
646550.142257791
646552.953272718
646543.456610492
646547.189265034
646529.89811403
646542.655904272
646543.50125834
646551.563370391
646551.623866697
646532.412878394
646534.76799627
646528.280487017
646517.075173895
646508.42009056
646491.457488204
646469.853546298
646462.550250538
646456.220309646
646447.339431176
646435.121597006
646407.118059574
646407.725632062
646402.074901028
646397.503149639
646384.644958696
646359.282304099
646357.525276625
646351.641105777
646347.426139677
646333.630948357
646309.965827612
646305.439091128
646300.825263403
646292.595181595
646280.005345027
646254.126360942
646251.349896593
646243.231814321
646237.4173805
646221.432620696
646198.305840232
646193.284242794
646188.711532143
646182.378154341
646170.80872655
646144.338111388
646144.056070753
646140.945318248
646139.717260242
646133.14468942
646118.986218025
646094.349403486
646091.993137319
646091.07979517
646088.145603793
646084.339225031
646068.303747083
646054.417015121
646042.004134735
646028.245031911
646002.666636152
646002.57510634
645997.938629964
645998.802347657
645987.319522273
645976.675633137
645953.195084731
645948.141787871
645944.051040365
645934.342392488
645924.903985541
645901.934524146
645896.454525649
645879.802433275
645885.068539907
645883.770272026
645877.185669057
645868.154070488
645844.980288092
645840.147372056
645823.724102552
645828.961873547
645828.72094032
645821.645300932
645814.36963991
645798.35711368
645784.746631718
645756.828931438
645757.79334957
645757.525601538
645751.85987394
645747.121357608
645740.364283101
645732.026610263
645731.619702786
645719.662403715
645725.587232855
645728.093077683
645722.913284284
645716.627874031
645710.165661367
645701.064045666
645700.303710727
645700.986934036
645688.135536956
645684.671574733
645669.400760988
645666.148296551
645655.161204138
645650.581461796
645643.222025386
645637.800711529
645633.334935205
645627.582378899
645625.244099659
645619.674072881
645618.713022475
645613.820355953
645613.544970775
645609.782691293
645609.596764638
645607.360401939
645606.793370113
645606.411443831
645605.135133997
645606.864345043
645604.696816256
645608.724513238
645605.620375061
645612.071212691
645608.097447627
645617.04398592
645612.346292473
645623.825730175
645618.591249143
645632.626089426
645627.0424001
645643.660932249
645637.87582497
645657.131777221
645664.554873906
645674.368177156
645681.60544112
645693.566861793
645701.967975393
645713.079373264
645725.176289202
645734.945406152
645751.146510622
645759.011233705
645779.721319347
645785.076502383
645810.679458331
645812.905824806
645843.751004338
645842.247167867
645878.639659638
645899.350132591
645911.631785167
645938.533662212
645943.551946932
645976.882721626
646014.364375175
646037.207055331
646074.384343248
646098.815222505
646095.69044253
646114.81673568
646119.907415357
646132.845677058
646137.032836014
646132.960691148
646122.837190575
646102.751552906
646096.2226058
646082.344697607
646068.160382529
646046.337918989
646041.70390048
646024.041214333
646034.781433453
646035.001355619
646040.907785905
646038.378951322
646027.253624025
646003.446186739
646002.299639243
646003.695303821
646004.780986143
645997.445989832
645985.589693636
645960.717778647
645960.911314436
645952.589106389
645951.307252251
645937.969451054
645916.022144966
645912.246882984
645908.055832967
645901.537711931
645888.618424266
645866.103848231
645863.250626228
645857.540603408
645852.152851789
645837.672224794
645816.734418677
645812.344837829
645809.881661883
645802.986390237
645793.865079916
645767.587793261
645770.579655426
645764.670384647
645767.526064282
645759.406931191
645746.049237837
645722.435026897
645721.243860111
645718.630184969
645716.344090849
645709.383866598
645693.684320869
645673.304624936
645668.675645699
645669.308749591
645663.080729562
645659.236502669
645644.431672233
645619.958261437
645618.675573728
645612.970085385
645610.17310727
645594.579603776
645580.995004852
645562.51429953
645553.300569567
645539.144545085
645541.964970143
645538.226671844
645530.512312822
645518.203352944
645497.448896332
645492.019741478
645474.879354361
645480.836399433
645475.080440007
645473.985591748
645463.263228187
645454.878561847
645438.825171464
645435.881056578
645415.912286879
645418.172407422
645408.363799931
645399.387567123
645391.228412847
645380.961666688
645378.37308419
645374.846643553
645360.685444291
645353.499688115
645338.026371417
645330.359088639
645320.961497375
645310.22142214
645306.834273389
645302.68664827
645287.812815626
645280.898496872
645264.349538178
645257.853746238
645246.540559182
645240.876191176
645227.311286045
645215.453736286
645198.276442911
645191.465034003
645173.396883507
645169.562931724
645151.211502304
645149.525295335
645131.496970112
645131.138263843
645114.009378694
645114.219888975
645098.509079378
645098.634124229
645084.777520493
645084.299681268
645072.63847113
645071.19828346
645061.974580418
645059.376677035
645052.735885139
645048.937960655
645044.939305995
645040.029645801
645038.666440813
645032.829909427
645034.052738296
645027.527399745
645031.272666248
645024.306235661
645030.525304949
645023.326794735
645032.007747713
645024.70303091
645035.89272211
645028.492818776
645042.314388314
645034.694427055
645051.356712146
645054.459561083
645061.654244398
645064.900666063
645073.323873919
645080.624955782
645086.850887057
645098.813377281
645122.703502796
645122.828102646
645138.349382664
645129.417372481
645149.61505713
645156.761621815
645175.3319602
645185.00791987
645187.908779274
645169.491751373
645171.283840327
645164.094021772
645151.292238128
645139.996681764
645121.073547698
645118.483741953
645114.384274872
645099.932101665
645104.418526332
645099.274705244
645096.720323024
645085.531876219
645060.229672028
645061.435514092
645056.455782135
645057.752847842
645051.541165969
645034.29409993
645016.06584983
645009.101426567
644995.678421596
645000.606887295
645001.739245916
644997.243207932
644989.791720423
644965.945676282
644966.162362656
644962.25756207
644959.088898988
644949.704645683
644924.700724873
644926.786251987
644920.810315347
644921.302929124
644910.392474621
644887.512872285
644886.262530823
644885.90873644
644883.12389164
644877.278814878
644861.01753866
644840.831431608
644835.926054004
644834.848652989
644828.885418249
644822.19582034
644805.183353761
644784.354334335
644778.740106043
644776.797097244
644772.155281809
644762.986453832
644747.132265659
644724.63362609
644722.136942338
644716.548874472
644714.872791643
644701.312662896
644687.94669698
644666.455531729
644661.129677914
644655.277794342
644648.008420757
644634.948257804
644611.015313125
644610.127762756
644601.999607425
644600.264799968
644587.130366452
644564.407969133
644561.929537109
644555.010308881
644551.498726696
644533.682771507
644516.783534114
644513.761111383
644506.687486593
644495.586263101
644493.804332719
644487.325774845
644474.884096293
644459.354321563
644439.802374835
644430.669274547
644415.423768999
644418.280993282
644415.821632187
644407.882791929
644397.693276213
644388.879009812
644376.071473828
644373.62621063
644357.583240155
644361.338791673
644354.130049933
644349.373737826
644343.647839439
644338.848374185
644338.788196746
644331.242891276
644336.499991012
644326.276404245
644336.405078958
644323.60597198
644338.085180114
644338.595275293
644339.306775268
644341.009897054
644340.651993676
644345.606056021
644343.050708453
644350.855707227
644346.342659069
644356.608022727
644350.476438492
644362.831402997
644355.511312931
644369.617402961
644369.954272
644376.688244695
644374.647664824
644384.755758432
644384.149171996
644394.579596225
644395.365973748
644406.552486611
644408.678070122
644421.060460738
644424.439658499
644438.445622096
644442.945729994
644458.977356817
644464.411747115
644482.834656928
644488.956130457
644510.086972142
644516.585227959
644540.685879979
644547.193273686
644574.470878842
644580.573102866
644611.184752338
644616.434830222
644650.496331412
644654.432046628
644692.030684944
644713.960964468
644733.501661804
644758.305359417
644775.07578542
644803.951101745
644817.48810612
644850.687208067
644897.927345249
644908.061286351
644945.634964717
644943.143005393
644982.248661245
645006.391178223
645049.213164177
645084.864373444
645089.656692745
645113.538556106
645101.4113013
645130.638343999
645143.874596493
645171.020689363
645189.810391135
645182.630243964
645198.181991259
645201.454153939
645196.683693103
645207.474714748
645218.960765451
645221.27397386
645218.559576084
645222.354012516
645212.055686845
645224.930490513
645233.19173505
645238.067060295
645242.729265162
645237.614781981
645225.011633278
645207.801113999
645183.106977812
645179.496771259
645172.608583705
645164.630269567
645149.271353674
645125.103528435
645121.952814315
645114.761540988
645110.509966579
645094.613871866
645073.075514453
645066.774254739
645064.559359694
645057.515821706
645045.237880861
645018.757784568
645017.510359068
645009.970008755
645005.68911923
644990.772090199
644967.743016817
644963.460294914
644959.583796121
644953.307432299
644942.491565047
644915.82129827
644915.990438026
644911.172277942
644910.031372547
644900.143350221
644886.008772773
644860.409969748
644858.361862497
644852.363713565
644850.320335601
644838.330308334
644824.406546721
644797.59674401
644796.670953611
644788.480927377
644788.371347245
644777.627705453
644760.902709633
644737.070508355
644731.362063794
644727.521188127
644719.029966438
644710.205699998
644684.779490862
644682.818905567
644679.511623144
644673.696441978
644666.837808991
644649.566088957
644624.800494153
644618.460974453
644607.427343112
644600.307150305
644583.868204151
644561.241940754
644553.312565821
644531.664084368
644536.239359547
644528.438547137
644523.759237522
644509.812635318
644486.031805546
644480.398947778
644458.677145368
644465.547174762
644459.740150814
644458.473793646
644448.235359997
644427.87253929
644416.432075803
644385.731938157
644381.519219962
644385.274974484
644390.331434526
644389.717877654
644373.731457773
644366.826983623
644351.833627752
644340.030031661
644325.848251529
644317.371099916
644300.631802447
644287.059616093
644265.99040485
644258.830271685
644236.289183871
644233.372740891
644218.33905558
644209.577245142
644193.393541013
644188.116694466
644174.599969428
644169.576411683
644158.119813921
644153.656984972
644143.681159165
644140.024734971
644131.007816407
644128.346575549
644119.847772685
644118.320217188
644109.992914984
644109.69866752
644101.297696237
644102.314145223
644093.693513356
644096.092252844
644087.1919264
644091.053829467
644081.878716785
644087.308897554
644077.905145496
644085.047438735
644075.474376333
644084.51861549
644074.817967161
644086.003431487
644076.172288388
644089.786043615
644091.965932302
644097.163804708
644098.904323513
644106.381346653
644109.635628899
644115.951216713
644123.401174945
644128.034681796
644140.184876009
644142.588888373
644159.875172582
644159.501734063
644182.273822668
644178.597757439
644207.109730133
644199.650316161
644234.059448209
644251.930891193
644259.415200031
644284.548807829
644316.999582129
644347.588652578
644369.669915638
644380.006464056
644372.045192538
644380.298387042
644383.77685653
644382.187864136
644380.301366368
644368.46822986
644340.712033622
644340.47734345
644333.39674714
644334.703748292
644327.576122455
644312.11855826
644287.459936924
644280.778345932
644266.970934007
644272.63050153
644279.165406416
644276.77655001
644277.334973634
644266.969054175
644243.205353606
644235.390371745
644220.706264251
644193.139175136
644194.581191639
644190.748223859
644186.507665995
644177.775633359
644158.116746362
644137.613602265
644127.577029984
644124.118198927
644114.610383212
644099.373347756
644073.976943034
644069.815126217
644062.183212938
644055.562959897
644040.2024203
644016.212754138
644011.608307273
644006.691957288
644000.074997253
643988.486246713
643961.436534147
643961.222469671
643955.345409743
643954.114128555
643942.446664274
643928.409014187
643901.59272024
643899.708174172
643890.923859976
643888.904933942
643876.081447623
643850.256184979
643848.681128278
643846.229899084
643844.971492502
643837.175610888
643824.172782657
643797.116145289
643797.116138034
643789.52487795
643790.047349345
643779.942573851
643762.925582321
643739.682543625
643732.554048481
643728.821512831
643717.879814319
643708.721401543
643684.800430181
643680.155500139
643677.247451441
643667.696132695
643658.531437229
643648.841973776
643641.595827005
643621.639887947
643603.600803827
643599.65930256
643577.229890517
643584.354099206
643579.533479183
643568.972238881
643562.804305972
643547.673614953
643531.285852931
643510.264485968
643511.677710696
643509.125620672
643500.673391885
643499.497046534
643490.96949619
643482.332155873
643459.125411427
643453.724123939
643443.295932089
643424.01235179
643409.868019601
643393.712847191
643379.633887681
643377.755410094
643372.250281562
643369.240256522
643364.645149912
643362.021772078
643361.762809111
643357.314278297
643360.860522157
643354.906252747
643361.670623808
643354.574948151
643363.946326264
643356.110079297
643367.487878922
643359.336416896
643372.162685513
643371.145417306
643377.825453578
643373.735739965
643384.736289625
643381.389747183
643393.114901464
643390.413709146
643403.087286878
643400.985965947
643414.837708005
643413.322144235
643428.58845769
643427.65272099
643444.5786098
643444.202527818
643463.041692206
643463.168926806
643484.183065226
643484.704451663
643508.163223378
643518.233477923
643534.115435502
643543.552081791
643562.188051227
643575.101288431
643592.775799286
643609.590015076
643625.756835722
643646.841498982
643660.957854913
643686.616839455
643698.169053992
643728.637390724
643737.162064558
643772.605852951
643817.43294518
643840.719387097
643861.432607346
643882.917922133
643892.25267674
643919.41553997
643958.217764304
643993.009350122
643994.355461172
644021.537742045
644032.89418069
644034.663606787
644053.131280506
644075.457774398
644083.687761085
644088.734569955
644096.984394414
644093.502402497
644109.437842781
644127.167183204
644133.923567173
644149.019026573
644141.09537764
644147.224098295
644149.290460907
644146.740968913
644143.626741181
644131.091255915
644104.886320181
644087.163631841
644093.6288936
644099.722314147
644113.138166313
644117.645406923
644113.869196106
644106.127234111
644087.288552758
644067.250796289
644058.195417283
644056.960609294
644050.246659379
644036.757140893
644012.110956226
644009.149985547
644004.748093338
643999.171655008
643988.374241508
643961.90875435
643961.990264233
643956.178098374
643954.172195113
643942.015234293
643925.873437884
643901.945105292
643896.517021565
643888.122447665
643880.772719504
643863.994262659
643841.448228798
643836.114208905
643831.615241742
643825.365350811
643813.719203213
643787.883271122
643787.351807091
643784.254184953
643782.301964827
643775.098813355
643759.527876436
643736.579851393
643731.927800786
643730.057305115
643723.657862656
643717.096334952
643700.006779317
643677.029545645
643671.420012323
643665.763498066
643660.7468663
643646.081020127
643629.626362658
643607.716383675
643599.365330808
643592.172648373
643580.747511881
643566.85360659
643544.242878912
643537.615210517
643532.119209959
643521.103176194
643510.075137364
643488.051567421
643481.288695706
643465.985387173
643470.256533679
643470.07170768
643463.067109573
643455.873570201
643439.447108693
643426.438637966
643397.662267891
643399.34062443
643398.126434481
643392.831238487
643386.331850769
643379.39664284
643368.806864132
643367.465387828
643352.933391097
643357.110787683
643355.162887971
643347.497043852
643337.423014777
643327.946844641
643315.27585475
643311.14568305
643305.517707363
643289.311165964
643280.739285844
643262.430471832
643254.434264539
643241.043328741
643231.278158609
643222.465534076
643211.384707195
643206.678023126
643194.76384982
643193.581682317
643181.327234984
643183.012983508
643170.901698669
643174.760674174
643163.245797606
643168.585945679
643158.074934964
643164.246779486
643155.08889558
643161.519088375
643153.998470847
643160.218232708
643154.555394644
643160.218021097
643156.57258348
643161.45534724
643159.933956592
643163.932635857
643164.60466518
643167.717210323
643170.631075868
643172.931485222
643178.13388942
643179.742446118
643187.2981698
643188.345689897
643198.350876663
643198.94001188
643211.533246349
643211.70638985
643227.077888446
643226.791324942
643245.185863888
643244.291032836
643266.006568655
643264.242593449
643289.623719441
643301.219907199
643314.10851392
643327.507045742
643339.770807239
643358.158641778
643367.425185894
643391.351403474
643396.864596631
643426.81078214
643427.859300088
643464.217478778
643501.367049493
643527.301486971
643537.600648627
643563.381447149
643559.703240346
643592.967372018
643622.186503502
643646.040325481
643675.510354061
643694.662547241
643701.166092838
643709.471905573
643705.906740636
643693.819336141
643678.953638152
643655.364503007
643650.215961988
643629.055105746
643639.532712994
643638.533995855
643642.115916243
643637.406519864
643625.091140326
643608.146463361
643598.327939323
643583.900684961
643558.732944998
643559.126043931
643554.716378261
643556.244365125
643545.169736498
643535.006754069
643510.916705903
643507.164914003
643502.057508659
643495.483315847
643483.974182934
643457.582010465
643457.054536546
643449.491696581
643446.589891204
643431.502776037
643409.247210082
643404.448218318
643401.304157704
643394.262921245
643383.452373804
643357.267745855
643356.228664322
643351.194040888
643347.263752441
643336.988215005
643318.450080008
643297.121584384
643288.994269485
643285.429517457
643275.513654529
643265.733264598
643239.724562621
643239.070974082
643234.662601663
643233.855495686
643226.10393429
643211.861927735
643187.720258963
643184.501227523
643183.128677369
643178.363276067
643173.394573625
643158.106791863
643133.985717641
643130.274144683
643125.173261418
643121.982800222
643108.515620519
643093.628766922
643071.248927226
643063.544827249
643056.755453307
643045.066218302
643031.534234404
643019.528774976
643006.495387504
642981.319359544
642973.81751749
642962.707807191
642941.335227016
642939.761139253
642931.059697453
642916.033071967
642903.776570462
642885.941872886
642871.860353095
642871.900386464
642868.892288963
642864.769300064
642864.110583522
642870.342206813
642860.417332848
642860.742467768
642843.599153363
642849.234191906
642842.586812317
642842.717935177
642832.981251742
642824.755254421
642811.274885385
642807.75344505
642791.674933763
642793.275802638
642789.114105278
642778.398829696
642768.807092966
642755.739399986
642745.632595716
642737.173426617
642725.573999138
642721.33542701
642708.640010408
642708.099110158
642694.756611663
642697.283445643
642683.777346121
642688.67095169
642675.49817705
642682.028169596
642675.093006494
642677.323016857
642666.798661713
642674.564526933
642664.347678129
642673.575617595
642663.305439838
642674.192330634
642671.633282352
642675.473333256
642670.9998488
642677.552127714
642675.51481162
642680.916877595
642681.637083917
642685.705551306
642689.465999797
642692.09984885
642699.142489762
642700.30650101
642710.832414576
642710.53274671
642724.705091895
642722.964615277
642740.919183328
642737.753147679
642759.607627618
642754.995370639
642780.857309161
642792.148025529
642802.810715373
642816.709903129
642826.004689463
642844.558273236
642851.363905172
642874.882976815
642878.709373552
642907.488075979
642942.923852426
642960.049140102
642974.226409434
642990.16579219
642993.964113125
643016.408096516
643046.089684589
643073.58640539
643066.635755323
643090.932899442
643099.165882903
643104.700741926
643117.997887457
643122.585672235
643121.800318843
643109.746660682
643083.725146362
643082.754869818
643078.14978531
643079.395124497
643068.392767658
643059.665162558
643034.444109654
643032.199428701
643030.707953393
643026.243907923
643022.517216621
643008.611036221
642982.75987914
642981.176614758
642974.912758121
642974.022448461
642960.272055473
642947.42557405
642923.881289504
642917.478870802
642910.702525344
642901.449406568
642887.358395378
642861.304135577
642858.522787987
642848.919687852
642844.263251389
642828.024992612
642804.874257924
642797.726100414
642793.340435289
642783.886406575
642771.553095086
642744.586724662
642742.977157319
642734.809562345
642731.621254384
642716.303459838
642693.238484999
642688.552941289
642688.100343214
642684.913237323
642676.505164132
642660.008587576
642635.500754924
642632.017085483
642626.537197369
642623.991950664
642611.790538702
642598.239289946
642572.796406902
642568.969715137
642562.969816722
642558.319726601
642548.35157379
642529.102076613
642507.888955851
642498.308617797
642497.068641472
642491.138844199
642476.65357175
642458.612301953
642435.731479225
642426.630448235
642404.713033374
642409.459482963
642402.460738715
642397.459705721
642383.131167465
642356.437397355
642352.686314097
642342.524905912
642337.84573661
642323.818871016
642299.693539887
642293.720203029
642271.701775348
642277.773946527
642271.027264831
642268.835353336
642257.572363693
642237.687238743
642213.218078852
642203.358417636
642189.894352095
642179.867396534
642168.001516
642162.902010448
642147.554028872
642136.970188799
642116.534645805
642112.649393151
642089.874677857
642091.359499098
642080.354713429
642071.091490852
642061.774708583
642052.809298019
642048.126343424
642037.698217374
642037.211534112
642025.537064315
642028.718240754
642016.039859037
642022.295635059
642008.882712772
642017.587850926
642012.665918248
642013.723772468
642006.78607761
642010.89971022
642005.282770285
642009.368447485
642004.746766961
642009.027479856
642005.12472146
642009.873926217
642006.463186285
642012.002246117
642008.903081215
642015.594967911
642012.664701825
642020.901674798
642018.023305588
642028.214252
642025.283936108
642037.840181095
642034.75228808
642050.072488137
642046.705729985
642065.162888909
642061.367593642
642083.297472044
642091.699127754
642103.029157513
642112.532974035
642124.752736566
642138.70769849
642149.210131651
642167.938643309
642204.011890589
642210.268298726
642234.179417555
642232.239628921
642257.880152388
642252.751497561
642283.829718607
642301.509852238
642310.774808794
642333.777399575
642337.529720985
642364.287427681
642363.564231664
642396.122991404
642429.367331883
642450.633403338
642459.172105207
642479.361568553
642475.575165284
642502.212665124
642527.562461041
642543.778044467
642546.360195081
642562.420889789
642553.244120589
642576.845129264
642594.504832079
642608.921092376
642625.308410176
642623.683732131
642620.520735112
642620.462554885
642625.270316399
642623.644727477
642614.562028194
642601.874666481
642572.447391045
642557.459820317
642561.307247578
642570.261726762
642580.587001826
642586.719784799
642583.015708644
642578.289430266
642563.60194383
642537.652922994
642534.2928974
642530.273869757
642527.025164679
642516.912257799
642501.06859906
642475.213523498
642470.949411308
642462.555073259
642456.723000178
642440.408843637
642416.662429638
642410.768336148
642406.020741987
642397.816412647
642385.502880597
642358.373399665
642355.952026267
642348.930999373
642343.496194881
642330.200511045
642303.743519867
642301.760303402
642295.380599838
642292.275788933
642279.155926415
642263.329868174
642236.421763471
642232.917792834
642225.155121275
642218.126151391
642202.879398285
642176.996293328
642174.920788944
642169.7158996
642168.676005807
642157.446200748
642145.472195649
642119.14586359
642116.054211848
642110.96211775
642106.351824985
642090.923402997
642088.101660499
642078.675189868
642067.577143136
642050.170995914
642023.97501944
642008.082055244
642007.687238952
642011.633896493
642011.319751493
642009.949084765
641998.352189858
641974.01939947
641962.856349016
641932.479098266
641928.913962821
641929.842116544
641931.141834365
641918.936422461
641914.54669831
641891.874769678
641893.73204599
641882.792209364
641874.72094761
641858.669148859
641845.01948269
641824.023064776
641816.523470507
641792.5032269
641790.176087198
641775.984530909
641763.870717608
641751.047384768
641738.885617097
641731.31071578
641716.888608219
641714.435470454
641697.999171156
641700.399686261
641682.247515166
641689.099740076
641682.727773338
641678.884838963
641673.258943894
641670.419059998
641668.133083342
641664.511641361
641665.037959705
641660.936889297
641663.704287425
641659.471275463
641663.896623884
641659.918652524
641665.436979168
641662.124762297
641668.211467063
641665.982437032
641672.178092353
641671.445474709
641677.374726111
641678.533470152
641683.912562566
641687.326446648
641691.963293347
641697.955685846
641701.741301566
641710.589256805
641713.482513563
641725.415876101
641727.422030768
641742.624927942
641743.76908163
641762.385622864
641762.685727513
641784.829402811
641784.271108138
641810.037965211
641808.554348685
641838.036973128
641854.744101426
641869.181147129
641888.289882289
641901.774770374
641923.152035219
641934.460186205
641960.48483993
641969.055904548
642000.038342744
642005.300552933
642041.534120687
642084.031029326
642108.626546793
642125.485682953
642148.899371824
642153.041461042
642182.952484068
642218.680049657
642238.378797762
642273.945303835
642274.240530379
642294.182800569
642311.951619693
642320.774616122
642335.866220706
642339.600721806
642335.796222832
642324.759975945
642304.816192792
642297.263990815
642282.148146333
642267.664493653
642241.925168069
642237.571112924
642218.75370676
642229.288362391
642231.351119244
642234.720386425
642232.841852318
642221.305977253
642209.003637387
642184.058342847
642179.765405542
642174.306446241
642167.6197602
642156.939475016
642128.461590264
642129.644618501
642120.638141798
642120.207079185
642107.679128085
642082.379359969
642079.236466662
642074.446686057
642068.426687583
642056.377433617
642030.276174894
642028.25264526
642021.519299184
642017.014991106
642002.924643207
641978.83776975
641974.836382236
641972.019587927
641965.66926113
641957.808777369
641937.527329315
641917.029510678
641910.801317138
641905.873699744
641898.828039059
641888.115561726
641869.930326844
641845.845848752
641841.26451434
641835.185784829
641832.179567077
641819.470182169
641805.802528264
641780.350900242
641776.963479335
641770.900649351
641767.227752286
641757.035295993
641738.904448225
641717.208351213
641708.593809412
641706.360136705
641699.554688955
641684.741222777
641661.47467853
641655.061749986
641652.807339089
641646.742365166
641631.505006306
641609.431313296
641601.168444929
641588.339215551
641590.374467472
641576.264378788
641583.573799525
641583.324029222
641578.366110973
641567.200274736
641560.022635969
641544.487413272
641542.36010179
641534.782373759
641520.659818448
641507.932036679
641492.210937951
641478.313085048
641468.543553554
641451.568647294
641447.997855269
641428.160180521
641430.891009802
641422.183496619
641414.662160446
641408.515612283
641400.529242243
641400.521831044
641390.105159264
641395.883342938
641383.195012729
641394.217586121
641392.678205484
641393.179763209
641392.581467815
641393.365108785
641396.42473259
641395.617484672
641401.614472507
641399.536841937
641407.730375031
641404.787608632
641414.461225811
641411.129104017
641421.632773297
641418.437129736
641429.220593349
641426.711739132
641437.349047555
641436.075792646
641446.277685113
641446.760058066
641456.37271556
641459.079064074
641468.072266419
641473.401247925
641481.845174442
641490.115367935
641498.150239327
641509.596520846
641517.39399735
641532.16819181
641539.889380772
641558.069883967
641565.828086008
641587.437381682
641595.265462179
641620.290380442
641628.114636371
641656.529576263
641664.15614437
641695.949783044
641703.062292556
641738.258043711
641744.420455717
641783.090892533
641806.435122376
641828.158342017
641854.163485093
641873.436030531
641903.733286228
641919.481600444
641954.533839369
641965.969338757
642006.249590492
642012.677596749
642058.647008542
642107.53332873
642142.49656958
642159.55193648
642194.020543635
642194.598613545
642236.385252122
642276.083676904
642308.582876743
642350.906959822
642350.079065792
642382.363883695
642399.029728636
642429.742120389
642453.601037028
642469.448719726
642477.710878551
642465.584768395
642475.650178571
642475.547644185
642482.326721717
642481.472196746
642473.24043923
642459.980333487
642433.862083101
642432.806207776
642432.391744112
642429.585809419
642427.970573836
642416.473133063
642390.317165962
642391.453076535
642386.696672575
642388.35240982
642377.186095275
642366.188338721
642342.337566213
642338.422178685
642331.103971346
642324.712570242
642308.963191028
642286.980426254
642280.840122827
642274.832793641
642264.895523153
642249.768117293
642226.187282924
642221.324145148
642211.550727747
642204.370003929
642184.156426526
642165.670225464
642158.256883297
642152.191322814
642142.506820668
642128.203291805
642104.394356689
642100.699558646
642097.069442598
642091.937546063
642083.624059831
642065.298247507
642044.573850984
642037.769827585
642037.773699591
642034.252693629
642025.625243353
642010.190459446
641986.048041896
641984.44334634
641979.605284522
641979.509834236
641967.914979644
641956.88470804
641933.375134299
641929.608811423
641925.650567054
641918.860540411
641910.155609658
641885.768421709
641883.76138017
641863.994852703
641874.069028216
641871.37267186
641873.761423611
641866.617767794
641848.07965436
641838.25538338
641808.381642077
641804.097048687
641807.53724209
641811.246080406
641805.273340655
641800.091434858
641784.816202593
641784.19960748
641765.584182346
641769.804044541
641761.746249505
641754.807077538
641748.419082792
641740.577477929
641739.721390878
641728.967758791
641733.845560589
641720.268020538
641730.943587332
641729.460096634
641728.482559114
641729.467108686
641727.574514965
641734.145496213
641729.765046967
641741.572133215
641734.93823164
641751.456591583
641742.907571823
641763.465744046
641769.413762446
641776.041742115
641783.033445114
641789.77355974
641799.12846624
641805.346227647
641816.405467953
641822.570883092
641834.70371906
641841.320786394
641853.957672398
641861.540256902
641874.198058612
641883.2463112
641895.547359467
641906.527857832
641918.210253263
641931.53853159
641942.452927302
641958.478250325
641968.573672208
641987.570965828
641996.87377729
642019.043865005
642027.631468488
642053.107599764
642061.076033376
642089.933903463
642097.363564627
642129.637338899
642136.562774145
642172.264404354
642195.585799359
642218.531725634
642243.281040557
642266.647421176
642293.133629925
642315.038985411
642345.588688449
642365.509235546
642400.377138375
642417.751216977
642457.198788988
642471.452468122
642515.743657346
642526.317374398
642575.715180605
642582.088008103
642636.848943904
642638.557849179
642698.928767784
642738.437597715
642805.216009524
642862.720602311
642916.042646897
642947.69641022
642956.47976049
642985.131679101
643015.145684345
643034.854425675
643064.801576364
643083.924667543
643074.96542572
643093.010878543
643098.002944429
643109.48843791
643107.777970377
643111.728132097
643105.531476657
643085.75958739
643082.75260708
643073.248686918
643058.123142144
643045.63359628
643024.243922927
643021.410326197
643017.710366996
643014.106307374
643004.12677429
642989.874587762
642964.215120666
642962.99669873
642954.01357574
642952.292064862
642938.821741347
642915.157652961
642911.407459782
642905.866224331
642899.164624718
642884.562213952
642861.951200561
642856.316498324
642849.219444677
642839.546699054
642822.256200334
642800.825145316
642792.522964937
642784.732038772
642772.575944507
642754.987371576
642732.104234909
642725.70723946
642716.000853088
642708.738375945
642689.327344029
642669.438651447
642661.053825748
642660.617750683
642655.766415036
642645.499764611
642628.87312131
642604.697899924
642602.129145919
642597.16342955
642596.76220137
642585.908060157
642575.385802247
642549.852702664
642548.789041799
642545.542049303
642543.80500917
642537.950434308
642521.514517861
642500.630974642
642493.348126421
642494.691694397
642482.14249984
642484.348144046
642476.921789553
642472.18731837
642457.924853778
642434.640960168
642428.77958246
642406.470754719
642412.460719765
642405.090113095
642400.472430292
642386.229027547
642363.755519139
642356.652305781
642336.559489373
642340.46395581
642332.064446896
642328.430590467
642316.213813858
642305.194571812
642288.58396568
642283.06250309
642263.174706274
642263.308420972
642252.350743116
642243.559526769
642234.337285099
642225.259847789
642222.275962137
642210.343842187
642213.576042354
642198.958378259
642208.172248424
642205.288924774
642203.525474502
642202.65963576
642200.578518176
642204.604856611
642200.583314704
642208.829144964
642203.208100679
642214.886762027
642208.089386159
642222.350913867
642214.867142692
642230.854610826
642232.383663055
642240.061675482
642238.982238683
642250.183531685
642249.346085384
642261.341288909
642260.397886219
642273.548313184
642272.270343895
642286.923305345
642285.197304181
642301.680990095
642299.495430394
642318.11260171
642315.530650705
642336.551451379
642343.945852819
642356.371773462
642363.264712914
642378.192241962
642388.374026878
642402.823898382
642416.616006221
642430.457767274
642448.118429021
642461.182976813
642482.906494704
642494.976082054
642520.896457931
642531.700188559
642561.901593181
642571.116882205
642605.648469354
642612.906992287
642651.800060694
642656.696612742
642699.981811342
642728.853548538
642749.369937806
642783.149086295
642798.338677834
642834.994880123
642845.895016232
642887.758895697
642938.779351898
642968.982299864
642990.894014849
643019.973217484
643027.077401343
643062.810061188
643104.960259571
643145.91621251
643172.050642261
643176.564387909
643200.747330605
643224.709697171
643240.460451384
643263.609452766
643275.403057039
643280.133718816
643277.231878373
643260.472308813
643261.360343936
643253.907016081
643248.440075719
643236.021474229
643207.779456981
643191.831725953
643198.721179517
643207.11889033
643225.042548217
643234.580837038
643234.941776485
643233.580000066
643218.67354251
643205.866450406
643182.671694127
643175.947827276
643169.434473702
643159.989451749
643145.66257832
643120.159588347
643116.483293741
643107.197927265
643100.65832628
643082.24428596
643061.011825277
643052.4511543
643046.371542949
643034.90893562
643018.845531867
642994.89179235
642988.213924703
642979.98429052
642970.015350382
642953.497413089
642929.034573246
642924.253188255
642915.974029726
642910.725756104
642894.3176508
642871.626424361
642866.22647417
642866.049837927
642863.122140312
642855.202035823
642839.707181987
642814.549578836
642812.499671807
642808.211227271
642807.480588947
642797.665180109
642786.033761994
642757.097382227
642759.072776196
642755.003522373
642752.164051987
642743.614257239
642726.269515441
642704.552392398
642696.038775401
642695.089988686
642689.728185521
642675.079567907
642650.757094474
642643.701358706
642641.584969296
642638.859667253
642625.914007917
642604.975958693
642593.633686869
642580.825522896
642571.905645424
642566.339293246
642562.530812243
642544.616631931
642536.973346185
642516.869098533
642508.544632632
642493.581535201
642484.070969776
642460.71312183
642455.068895563
642440.300699458
642444.918246073
642431.048388317
642441.028955368
642438.645284826
642436.854044971
642436.392530405
642433.498632494
642438.198682255
642432.527326734
642442.171394538
642454.345611937
642451.364050838
642453.740990102
642448.040219165
642447.630030396
642446.096341556
642443.981160075
642446.218528441
642442.84191898
642448.36090432
642444.233329856
642452.474769252
642448.149991608
642458.514078574
642454.561721732
642466.440127967
642463.41833101
642476.227031161
642474.657247721
642487.866817872
642488.211011917
642501.368385919
642504.010749287
642516.755349555
642521.993384539
642534.063747186
642542.105063325
642553.336633335
642564.306244066
642574.621662508
642588.574514366
642597.963499377
642614.902172123
642623.39696887
642643.29493346
642650.94317742
642673.769680959
642680.605235542
642706.348957051
642712.365198954
642741.057199064
642746.185189598
642777.916071977
642782.00655835
642816.93695034
642836.826234296
642856.430057594
642878.440788148
642896.727177833
642923.004646662
642938.610443007
642969.705492934
642981.990898049
643018.447783172
643067.749822791
643077.504977917
643120.131098957
643115.36905721
643161.433823384
643189.232154788
643238.346748724
643278.71170153
643280.95531337
643315.231096508
643332.822912751
643364.398278484
643387.496117844
643398.777948423
643412.420612424
643415.62116092
643397.122874663
643402.795767365
643398.967585542
643391.520750902
643386.190773614
643372.88447777
643349.446832564
643346.468637823
643342.962297993
643339.094991258
643333.038629323
643314.710319587
643294.722906443
643292.394479079
643287.31610394
643284.856924393
643272.146815559
643257.644969193
643234.364661853
643228.18374616
643219.765896996
643211.156140719
643194.41737942
643171.558944602
643165.59077473
643157.030779986
643148.480315081
643129.713706349
643109.210615905
643100.128016713
643093.897617715
643081.938862318
643065.737635695
643042.307501314
643036.199651162
643028.118102383
643019.512100152
643003.27194891
642979.814972405
642975.671274634
642969.509707268
642965.394534461
642951.823073561
642936.07590205
642910.572383598
642908.083977614
642902.07554241
642897.10315865
642884.261421302
642858.886888178
642859.683003184
642856.978037638
642859.08910796
642851.434085132
642842.466195659
642816.357726271
642816.585741645
642812.847556159
642811.321127356
642804.463673793
642787.210455053
642767.232336427
642758.448251578
642747.06550767
642750.542727506
642752.928100561
642746.246377649
642740.367340188
642723.294498689
642701.235267131
642693.314984808
642671.268515021
642676.103755331
642668.223445386
642662.704883138
642647.002744883
642637.111105519
642614.691868987
642611.883406857
642597.870201185
642584.869894216
642564.393874539
642556.231409889
642544.28589096
642546.536508681
642534.802758993
642542.843093308
642547.061722809
642543.559372064
642538.387571439
642533.302187477
642524.943933649
642525.397835586
642527.375239525
642515.925659517
642512.733548192
642499.265347787
642495.252826836
642486.728006436
642480.443894732
642476.469417224
642468.233625114
642468.293546719
642458.513984187
642461.996962788
642451.156813423
642457.393570429
642446.031033288
642454.331254724
642443.010190504
642452.70041218
642448.485130236
642452.623067516
642445.091575784
642454.294801735
642447.126627709
642457.745473229
642450.733298823
642463.012064657
642456.025190146
642470.174564529
642471.012937258
642478.603189255
642477.717313435
642488.622850924
642490.366511794
642500.7858593
642505.450435921
642515.241819681
642523.07149344
642532.10875575
642543.300863687
642551.459660092
642566.169914198
642573.316176111
642591.668233283
642597.645799087
642619.740703961
642624.360446179
642650.289336536
642653.322764905
642683.179296441
642684.354259648
642718.245725372
642737.004349716
642753.126378732
642775.150932344
642816.953122201
642827.110124644
642854.677260108
642856.175174456
642884.973503982
642882.241454504
642916.922814416
642948.56549679
642972.339778049
642979.195904875
643002.491634032
642996.866040178
643027.426287562
643052.68453773
643073.796408245
643099.163365195
643092.222988937
643111.504746638
643118.170717306
643133.214211814
643139.854348471
643138.356415112
643131.641916218
643111.413309775
643108.906551112
643098.023653617
643086.930711827
643062.355044476
643061.979709992
643059.72116296
643058.500907333
643054.010986839
643038.385576421
643018.180362983
643012.614184373
643015.161808089
643013.887646808
643004.535684397
642990.461825218
642966.375551742
642964.125287529
642955.584127835
642951.857074733
642936.56075898
642915.145084443
642909.029076545
642905.078656172
642896.44271934
642883.439153999
642859.84059385
642856.742001199
642849.665103251
642843.842913804
642828.101587044
642807.061049286
642801.635904916
642798.303750344
642790.61040009
642780.165093552
642753.999866847
642755.370807307
642749.121975137
642750.199384789
642740.616610434
642726.374406914
642701.918957595
642699.944972178
642696.018366991
642692.729482751
642684.506751325
642667.586583819
642647.037259183
642640.808022017
642641.267943523
642638.169079982
642628.324146645
642613.263318984
642589.035632917
642587.767618476
642579.082337977
642572.049518555
642570.622869803
642568.84461325
642558.293007954
642547.571891907
642526.075836598
642520.359532196
642504.002246055
642509.863437123
642508.070965864
642502.825361737
642493.464167509
642470.52907915
642467.231048213
642449.393789877
642457.028020037
642452.602962982
642454.113458736
642444.051656518
642437.791306532
642422.027225468
642421.062107065
642413.218931154
642400.479902599
642387.284010026
642373.025707306
642358.53145699
642350.166877377
642332.611805574
642330.206392392
642320.95193528
642307.270219149
642294.461112917
642279.442291566
642266.777511957
642257.511456136
642248.598479174
642227.556875321
642212.767197786
642200.416182467
642200.577424581
642188.336817657
642202.07232095
642201.917154332
642204.576971974
642204.388636803
642208.294295948
642210.098950871
642213.487456969
642216.562057411
642219.695329266
642223.389445237
642226.574590679
642230.345574062
642233.932289841
642237.370320261
642241.741525913
642244.579305066
642250.138534921
642252.248811477
642259.405783942
642260.78528898
642269.941032351
642270.685085011
642282.219624032
642282.488312531
642296.749313766
642296.727871932
642314.022263311
642313.88025585
642334.469268214
642334.321137398
642358.419473303
642358.292441464
642386.073308516
642401.898415549
642418.194538706
642435.597469643
642452.967015447
642472.616956984
642488.755177706
642512.959010564
642527.213859234
642556.179087864
642567.861820094
642601.755306069
642610.175849399
642649.128981553
642653.633613745
642697.752574187
642743.699756339
642775.884553794
642792.344349555
642822.941936809
642824.564551849
642861.131249317
642897.702871446
642923.405850749
642960.311866457
642959.582020251
642983.531734654
643000.69868001
643014.041001288
643029.178153079
643033.963004072
643029.588917193
643017.588533787
643014.931339972
643009.715261546
642999.886032935
642988.3442335
642963.545857976
642962.040490451
642941.552829899
642956.343051205
642959.46988062
642969.27095507
642970.986168719
642964.691043443
642955.618995747
642934.890257339
642916.384944649
642910.948181646
642904.896154286
642898.80733235
642883.988371133
642861.685537126
642856.436145974
642854.033117127
642845.458702605
642835.970102526
642810.727866478
642808.789074163
642800.510251757
642796.345691682
642779.652714743
642758.871333396
642751.53908077
642747.77994248
642736.816913674
642724.746959365
642700.525762821
642696.417485345
642688.142407262
642682.510316671
642667.072720062
642643.692573655
642640.333704159
642636.013600024
642632.70669626
642621.954144865
642607.099752192
642581.446049208
642579.94844633
642573.086038599
642572.973272085
642562.950203876
642548.424841249
642522.642236768
642520.670137392
642517.262015999
642514.101925679
642507.381255611
642490.245126699
642469.127022627
642461.989659353
642462.842668771
642459.832805379
642447.646916283
642422.915029103
642420.013486836
642419.309384742
642419.400489121
642408.400847174
642391.86890009
642377.488283675
642371.088983771
642356.666500168
642358.01558321
642352.774632786
642341.80081769
642328.792826423
642315.457137249
642299.662530416
642291.161067229
642271.571552261
642267.984240111
642255.328570795
642239.571313125
642218.57907363
642208.535809075
642199.323119032
642199.637761778
642205.07653782
642194.024799893
642196.123845695
642177.00135205
642185.804673048
642181.518902358
642184.169769011
642178.53972479
642163.419276073
642154.200493362
642131.47875405
642129.640015613
642116.171886595
642105.870681592
642084.769442247
642076.868493986
642068.547487343
642068.476833161
642063.504368806
642066.793678354
642061.035981102
642066.851170251
642060.762541848
642068.252865089
642062.31872599
642070.67250656
642065.389612392
642073.881802114
642069.733700793
642077.764842875
642075.203621766
642082.32998305
642081.760049727
642087.705767147
642089.470427452
642094.125078044
642098.500378962
642101.902320775
642109.097079635
642111.404814653
642121.567000199
642123.018004582
642136.242494244
642137.103698441
642153.44600395
642153.966582161
642173.461863209
642173.827980374
642196.509817003
642196.804721745
642222.723099763
642234.930755274
642250.923640524
642263.698424179
642281.289208374
642297.939406874
642314.204475032
642335.09199888
642349.345360359
642374.840560691
642418.572388035
642428.464619047
642459.677531041
642459.556995581
642492.262041906
642487.684040647
642526.368957384
642550.176117703
642591.472502376
642597.500605055
642627.331370946
642618.320229189
642652.869239935
642671.167630146
642704.651375182
642729.154358513
642721.626749446
642743.686408074
642751.777267706
642759.285342899
642771.763963507
642777.458923615
642777.175300038
642756.961809384
642755.783430626
642747.473214378
642731.79256661
642719.812634809
642698.464101629
642694.239118875
642689.292422421
642684.552455987
642672.673956289
642658.145867725
642633.584476482
642629.424191989
642623.438574129
642618.241483021
642607.464316764
642579.834079468
642581.68445798
642574.649091313
642575.682885934
642565.207082854
642548.69271581
642524.827726693
642518.730667238
642510.116655841
642500.64261771
642482.370282201
642460.793145057
642452.279977698
642444.97915263
642433.157000721
642416.382537709
642392.564839778
642386.789201158
642376.791140543
642369.715171184
642349.842396219
642330.184387482
642324.106028584
642318.693639172
642311.367381777
642298.922377751
642273.560192902
642271.892525338
642270.290032619
642267.169002788
642262.807147957
642246.118147051
642224.73648284
642223.644963849
642220.512845788
642219.630361051
642211.37708823
642199.591077078
642171.879327807
642173.635509937
642165.330758517
642158.538332469
642159.72425822
642159.666802663
642152.335401159
642144.074115433
642119.210192189
642117.062233798
642097.210473951
642107.289629464
642104.883404523
642107.73186413
642101.164150093
642082.009078401
642073.565672528
642056.937774073
642035.162396401
642027.140850588
642027.838557144
642017.645582852
642015.837949054
641998.775794936
642002.370896201
641994.298516597
641992.049275165
641981.386796038
641971.374946133
641957.160917383
641952.381994516
641935.425875742
641936.21488847
641930.438001901
641919.574855952
641908.461009136
641895.992094308
641884.036158311
641877.12127697
641863.02004007
641861.42920749
641845.374760467
641848.715798358
641830.957203991
641838.692119138
641832.98593853
641829.591551204
641824.506118106
641821.933815745
641819.822531645
641816.392894133
641816.648803884
641812.673743767
641814.6797263
641810.528715612
641813.690916175
641809.782091454
641813.562635234
641810.349061858
641814.289112811
641812.237166386
641815.970034926
641815.539347597
641818.799563324
641820.427156036
641823.050522248
641827.135203307
641829.047094887
641835.935770364
641837.131303909
641847.111460234
641847.632146517
641860.931181742
641860.83661173
641877.623037348
641876.958886177
641897.348995336
641896.119878917
641920.191619851
641918.338658014
641946.146740036
641959.471319837
641973.559051296
641988.902830421
642002.679792307
642022.24592657
642034.076414807
642058.115692933
642067.41760543
642096.174901972
642102.355133336
642136.069062163
642138.551689901
642177.451557909
642175.702909683
642220.00873278
642248.439172372
642261.987417208
642298.530284991
642341.617176531
642382.358897989
642416.718300019
642436.054138625
642433.512441456
642452.061326382
642465.479660314
642475.056917161
642485.744747989
642487.8590737
642480.224613419
642467.838593216
642462.629927703
642454.304886193
642442.441574644
642427.133806346
642403.583421928
642400.063059578
642396.178385481
642392.894029959
642386.578483158
642369.508529227
642349.519589003
642348.526644395
642345.125424527
642344.75880031
642334.800958453
642323.126997696
642299.357006219
642296.391960253
642290.177775844
642284.975002484
642271.826314691
642248.268148998
642245.740489586
642238.91928802
642233.408187129
642217.29225518
642196.786734112
642189.860248243
642184.640447195
642174.136190008
642158.956325941
642136.398763272
642130.64801127
642122.848481842
642113.872247758
642097.292201776
642075.107414383
642070.254626328
642063.683950684
642058.569462794
642043.784167992
642021.801949343
642018.268497893
642019.040327835
642014.780373601
642012.432639251
641999.717311493
641975.030779642
641975.042528158
641973.356839827
641975.141085883
641968.864288721
641960.073949186
641931.886325614
641936.850035678
641930.941140641
641937.123642804
641933.733654881
641919.703056669
641898.594640345
641895.114030558
641894.071277066
641880.25170404
641884.280266318
641878.102929337
641873.503964422
641859.450548264
641835.354970224
641831.238767378
641821.20257943
641812.84537601
641805.797978709
641802.031656015
641789.347977198
641765.627372253
641761.716973347
641751.355360429
641745.512148603
641738.06234532
641738.298503126
641726.15793645
641720.035444853
641701.801262699
641702.145125794
641691.747052066
641685.446645182
641670.859347406
641651.835799223
641643.717335282
641629.729737628
641633.345546768
641619.105647286
641628.753472282
641626.307859337
641624.615138706
641624.278673563
641621.931332265
641626.570702333
641622.047019743
641631.031441768
641624.677673626
641637.272279641
641629.514804814
641644.927899534
641646.54418606
641653.040560718
641653.045493608
641662.01828534
641663.287346934
641672.285268907
641674.359988155
641683.784252026
641686.294660154
641696.55354511
641699.226440971
641710.722009194
641713.380838568
641726.496081328
641729.051014151
641744.138128349
641746.568514089
641763.940719612
641766.272092404
641786.198645288
641788.475781576
641811.181714342
641813.441609745
641839.111307893
641841.356090017
641870.138829845
641884.94199599
641903.17891355
641918.698517979
641938.491927307
641957.750393133
641976.547416869
641999.802869832
642017.119820899
642044.596683322
642059.92315462
642091.814368353
642104.635734565
642141.106955742
642150.925023043
642192.119554774
642241.768986626
642270.610539298
642293.614966804
642320.527563581
642330.733056471
642363.269768577
642406.090723029
642445.963937164
642480.059356971
642497.204435936
642497.215179057
642512.596629035
642527.551678218
642533.413464392
642545.304816065
642546.232128493
642531.109903301
642531.922000944
642524.554830788
642519.253612956
642506.228072835
642484.385031223
642477.594587068
642464.552703736
642458.964003241
642451.728281984
642439.260659123
642424.536286907
642401.612231512
642396.817783622
642375.954270918
642386.684837101
642385.710627539
642387.435433086
642376.338351238
642366.798001642
642343.828269052
642339.581264174
642334.23073947
642326.23620706
642313.082108991
642288.677566787
642285.694931406
642276.564909061
642270.362966418
642251.372225234
642232.260601146
642222.809183905
642218.033126914
642205.577765875
642190.912338183
642166.675258518
642162.231585681
642153.48309937
642146.934908918
642130.161534245
642108.115907665
642103.400830448
642100.153753231
642095.530056699
642086.19739979
642069.948326457
642046.342042944
642043.231315658
642039.105108541
642037.148325587
642027.504181478
642014.501508087
641988.191916514
641988.556575273
641982.76370915
641984.174797129
641972.59024054
641962.573711178
641938.233177845
641935.493491517
641931.34409117
641926.245564275
641917.340132545
641896.343235686
641878.671413157
641871.557438437
641863.024865136
641854.401737203
641833.453637369
641816.469356823
641797.824526702
641798.879984556
641796.607451477
641798.981750855
641791.902840165
641775.373745393
641754.076232887
641740.889995141
641727.680689305
641717.627791887
641711.040976946
641705.256571324
641687.198089971
641678.067265806
641658.865086518
641649.006456575
641636.223396586
641626.724561879
641602.119440131
641599.913165566
641582.390961017
641592.400459561
641575.448602251
641591.817132043
641593.867510082
641605.197629005
641597.736081242
641601.549783308
641586.959516737
641595.682468849
641591.881217354
641596.905941163
641590.310453094
641584.703968408
641575.045125578
641571.905800319
641560.654626471
641560.67595944
641548.37937317
641550.979968096
641538.218337446
641542.822778423
641530.180480686
641536.248185144
641524.284715064
641531.335075201
641524.898017678
641528.537423012
641518.189069267
641527.987408542
641524.575715895
641529.174712787
641523.397874697
641532.268031997
641528.640870351
641537.594537435
641536.309410396
641545.238884993
641546.434005037
641555.254246115
641559.025753486
641567.658954886
641574.075912166
641582.434422593
641591.554875607
641599.524992445
641611.412501857
641618.841543611
641633.581242519
641640.2680557
641657.980121035
641663.669941606
641684.518581364
641688.901717153
641713.099994697
641715.817122285
641743.629022918
641744.280501988
641776.016078255
641810.793480593
641829.568798266
641843.053670588
641859.605430285
641863.388940711
641885.487193071
641915.578955842
641941.978853206
641937.097335004
641958.895134623
641966.345589287
641983.735256866
641992.760136808
641994.073735466
641987.716364805
641970.28669273
641966.700357427
641956.255586743
641945.048978242
641928.184592144
641901.762544675
641886.648655069
641888.813587279
641896.450577644
641902.177628295
641906.625230052
641897.228006601
641891.405434349
641874.682101527
641850.294338348
641844.78375745
641835.106522179
641829.816538221
641815.138357191
641788.712153788
641785.675578211
641777.132724486
641771.502498063
641755.915615024
641732.189884334
641726.151265735
641719.180697579
641711.131188585
641694.377120886
641671.940171397
641664.262336191
641658.985890909
641647.934732785
641634.676494067
641607.762532718
641605.462873018
641596.060288101
641592.210087145
641575.669734422
641552.845700487
641548.040945194
641546.5585214
641541.557323066
641535.055913067
641518.214251846
641494.357305456
641490.505714986
641487.534072773
641484.668604935
641476.584137941
641462.591347527
641435.992134166
641435.321268045
641429.882911276
641430.176780583
641419.247114234
641408.073652661
641382.014391133
641379.620539619
641373.876864015
641370.006049429
641359.752404836
641340.629479708
641319.580201158
641309.386531806
641305.873217408
641296.737099966
641279.570234683
641257.155523994
641248.346659951
641232.602251234
641235.453227505
641232.842247161
641225.210455094
641214.523420145
641190.002090523
641185.408244104
641165.846667422
641172.86711053
641168.005533182
641169.127687763
641162.723634792
641145.118875702
641136.081702301
641118.488942951
641104.376971516
641087.596936722
641075.089987179
641051.553036997
641045.452921365
641028.50450089
641034.624516543
641017.78625528
641030.31997718
641029.600687577
641026.187493844
641029.39701085
641023.259887943
641031.972434567
641022.973301562
641036.671929292
641024.991981008
641043.07774859
641048.658649144
641051.107926379
641058.480968526
641059.376140825
641067.767464461
641066.770701489
641077.78238403
641075.231944337
641088.441689817
641084.751841272
641099.782290638
641095.42998211
641111.960742671
641114.812715602
641124.970762872
641125.148715037
641139.431093231
641140.919054587
641155.957837867
641158.78827767
641174.930993311
641179.124940303
641196.711482275
641202.256113019
641221.611602985
641228.437450649
641249.864322923
641257.828990214
641281.603993496
641290.484132269
641316.856885908
641326.346267098
641355.53820498
641365.251613097
641397.458443526
641406.944933505
641442.342564231
641451.104043602
641489.855136737
641497.367763525
641539.627832229
641566.017437918
641589.332989926
641619.003487054
641674.239843512
641691.598727416
641728.130608252
641736.884913911
641771.969187909
641776.715808762
641817.043022589
641861.314610885
641890.007826447
641906.793914088
641934.284913945
641937.812495018
641971.724539812
642010.090797724
642033.631418383
642047.054567967
642070.475801612
642071.724559725
642102.646155903
642136.769569372
642158.339306511
642193.964302383
642194.334089193
642216.464475168
642205.911372673
642234.513214434
642248.53965445
642276.989922373
642297.211686002
642289.472559136
642307.388288351
642312.635075334
642325.153821798
642322.355690057
642326.268864665
642318.618276811
642299.156156277
642292.431766055
642279.256295464
642258.700600716
642239.348499378
642235.70110477
642229.855250216
642224.876333441
642209.896587066
642186.438428962
642183.632888396
642180.54399041
642176.860568575
642167.395788622
642150.348684763
642127.551213162
642121.536214844
642114.787910077
642106.849187534
642091.633406794
642068.107385902
642063.639464696
642057.721941594
642051.390627949
642037.631948889
642013.61692143
642010.358880488
642006.265765819
642000.888892847
641990.702540186
641971.342321147
641950.541133324
641942.002983093
641937.566940754
641927.431681236
641915.708154785
641888.428024463
641889.049234125
641883.954987323
641881.322353952
641870.063436401
641854.787270647
641831.07877928
641826.262789052
641822.421075748
641815.336424935
641806.614087295
641780.612502019
641780.659165105
641777.34411942
641775.091192085
641761.642804208
641760.316465028
641752.784676671
641742.211952982
641726.457833474
641704.057660331
641697.163854115
641677.192364879
641683.274423083
641677.520169336
641675.979057684
641665.447162521
641641.733623691
641639.016299191
641618.725125095
641628.098171244
641624.642181293
641627.059440024
641615.865339
641611.824159045
641593.719885025
641595.74879191
641586.495340588
641581.087529392
641567.804585116
641556.435096956
641538.342715036
641533.395242022
641511.667455851
641512.558680223
641501.625486255
641491.462785173
641482.544785865
641471.523596768
641468.043476069
641454.565553247
641456.1724106
641440.665793966
641446.875393902
641440.719020834
641438.530307827
641432.366521645
641431.930275389
641429.115868446
641427.980670434
641427.970711084
641426.495878283
641428.725654471
641427.278689432
641431.192569945
641430.139952054
641435.218702998
641434.916314447
641440.699667598
641441.484018548
641447.587924813
641449.770620778
641455.898085104
641459.761170003
641465.702101984
641471.494355984
641477.118585749
641485.05786763
641490.304005293
641500.582910137
641505.439466264
641518.229771906
641522.709157996
641538.167790696
641542.281336293
641560.559242068
641564.292602897
641585.542747234
641588.833543318
641613.219249048
641615.939827961
641643.640629484
641645.585453785
641676.800074914
641695.615436121
641712.982295013
641733.755741305
641750.405044422
641773.555755505
641787.700462269
641815.726781731
641826.722985415
641860.027615167
641867.260093199
641906.199167907
641951.20198435
641978.942500175
641997.254395006
642024.188953724
642029.086976347
642062.874291123
642100.918745527
642124.792873915
642163.334889498
642165.001452791
642189.002476255
642209.286929535
642222.510430858
642240.940938995
642248.363050224
642248.061895922
642240.926253562
642222.953888952
642219.208662727
642207.264389106
642196.227754964
642171.557949929
642170.309008674
642153.526380073
642166.816676793
642172.34860558
642178.147313788
642179.93648222
642170.59890142
642161.869532142
642138.453193344
642136.563811154
642133.967658666
642129.313858389
642121.895718366
642101.899607408
642084.390752031
642077.349138497
642071.432395429
642061.278306384
642046.204970073
642023.982243943
642018.825199256
642011.624996381
642003.780956397
641987.070880761
641966.524978408
641959.89429072
641955.228279204
641945.939321439
641933.067606315
641908.612095325
641907.259640103
641899.865131966
641897.744596351
641882.604821902
641862.202974449
641861.235471878
641859.445733891
641857.255132691
641850.978555253
641837.000759536
641813.575032603
641812.54314768
641808.864009752
641808.577908931
641798.753326068
641787.105600904
641760.894606162
641762.437448404
641758.749860109
641756.123884636
641746.673850107
641730.302973481
641709.80055492
641702.924925985
641701.506130563
641695.706542548
641682.549662806
641660.231407119
641655.992255626
641655.243316172
641645.868362897
641640.580477196
641623.663533968
641604.680002356
641595.4593828
641577.746741899
641580.644222285
641572.541149227
641568.250572197
641555.727681308
641545.096233239
641527.522638947
641522.896851989
641501.504062559
641502.297448387
641491.163982892
641480.869316301
641471.454717342
641459.968265034
641456.048747288
641441.409233444
641442.994213327
641425.320984057
641432.342563254
641426.849915048
641421.572992023
641418.276112446
641411.736617255
641413.648503775
641404.343434546
641411.230796051
641399.335347903
641410.846932195
641409.605189781
641410.444473872
641409.863105203
641410.882162802
641413.979553185
641413.324019647
641419.641573481
641417.723616746
641426.750475861
641424.063322621
641435.260658278
641432.355542517
641445.18282513
641442.642584821
641456.584850756
641454.994996303
641469.584467133
641469.501739845
641484.334498575
641486.261128934
641501.010301956
641505.374058678
641519.793854203
641526.933251771
641540.855610345
641551.014972407
641564.340346688
641577.672275058
641590.352679927
641606.928188063
641618.946441947
641638.772066789
641650.118349683
641673.158626545
641683.807388557
641710.010616062
641719.898852379
641749.223023014
641758.231926287
641790.66883914
641798.611282795
641834.208386415
641840.824586305
641879.701974196
641903.206754191
641925.177708514
641951.213969943
641970.917744218
642001.217076701
642017.733037941
642052.827132773
642065.51994501
642105.945010685
642114.225330226
642160.493876164
642211.501725172
642246.963579068
642267.034827893
642302.190725202
642306.454625809
642349.123758091
642393.061339912
642426.620757641
642473.636977359
642476.462619794
642510.878044174
642537.652282587
642562.603376775
642590.679936965
642600.573910452
642619.093988238
642611.851913763
642622.983039367
642628.013983133
642632.190846998
642633.691243373
642623.605510511
642615.90353453
642591.971261885
642591.145454146
642591.465547957
642588.744907756
642587.265483393
642575.575397123
642550.556401031
642551.199204305
642546.698992793
642547.672101912
642536.271836734
642524.659705913
642501.718137986
642497.508527094
642490.493326416
642483.972778571
642468.670160417
642446.731888767
642441.648516414
642435.700215322
642427.571650606
642412.644132352
642390.024607833
642385.420811838
642378.168727993
642371.38302102
642354.695776839
642334.027951982
642327.244295254
642324.45914671
642315.123263406
642305.692372187
642280.858313596
642279.931944016
642275.470793809
642273.839043892
642265.358700745
642250.039908296
642227.550296704
642223.188967747
642222.2422273
642216.568518668
642211.850534095
642196.940000375
642173.109619527
642170.651560132
642166.180756648
642165.124554997
642153.313589413
642141.314887259
642118.213449174
642113.76085157
642109.342683312
642101.931355532
642092.489602082
642068.312293564
642065.875141875
642045.967669195
642056.003582784
642053.433831575
642055.710254226
642048.544310699
642029.070195443
642020.139285952
641989.847723702
641987.22457817
641990.677418034
641994.890412852
641987.099864143
641983.763121212
641965.801055289
641967.784098012
641958.126819107
641952.903648536
641940.631282838
641928.258893584
641912.343649168
641905.55773837
641886.729299556
641885.556135601
641876.364482241
641863.674774588
641850.090867532
641835.973808004
641822.063530707
641813.732406363
641797.78906791
641795.031737247
641777.296228686
641779.71169045
641770.4972788
641765.737316893
641756.642570022
641753.726921814
641748.482283873
641744.469870281
641742.401435334
641737.541673495
641737.914367683
641732.516599017
641734.578481601
641729.006624923
641732.035509933
641726.69960056
641730.045342336
641725.386293098
641728.502746991
641724.973606099
641727.441863412
641725.490874584
641727.032273476
641727.086536247
641727.560972858
641730.010284504
641729.401513823
641734.586495867
641732.976767459
641741.180819954
641738.717394635
641750.165860875
641747.025010046
641761.890118261
641758.236590154
641776.642940892
641772.589303693
641794.624601702
641803.034390096
641814.567501829
641824.008971434
641836.835816925
641850.404207499
641861.993244595
641879.919089197
641889.747283799
641912.242511383
641919.72566458
641946.98464425
641951.507475045
641983.712590585
641984.661667009
642021.987097678
642018.778651145
642061.392572537
642086.183053669
642098.16063268
642130.859841024
642171.688725475
642209.948585703
642241.55828765
642258.478882667
642253.740918581
642269.83218032
642280.111319434
642287.048729778
642293.947352442
642285.105717825
642278.252858717
642271.356539267
642269.225383991
642255.348307751
642245.629646462
642221.113311435
642217.276560156
642199.843776512
642211.175829817
642215.761630183
642220.688403841
642221.963947311
642212.710889146
642204.1072755
642184.098346307
642174.19189849
642158.72914922
642133.654629744
642129.567182874
642128.525917053
642121.286895164
642115.981331295
642098.774903731
642074.971248004
642068.133750506
642059.360241354
642050.225353609
642031.425938746
642009.479216243
642000.160660931
641992.91901375
641980.402353342
641963.150132238
641938.996126041
641931.392026802
641922.015675681
641911.295262424
641893.174382978
641869.085948881
641862.654347031
641853.959729142
641847.107364403
641829.794008223
641806.790270223
641800.257842966
641799.12145767
641794.987106925
641785.60111018
641769.057568029
641743.44488007
641740.50108573
641734.725449007
641733.249482651
641721.454404666
641709.204178318
641682.760980201
641679.793284002
641674.273310623
641670.248405028
641661.195525193
641642.253482602
641620.610530383
641610.795365639
641609.325540719
641594.140887871
641593.753371891
641584.207052161
641576.358998315
641559.183363629
641534.065204154
641526.779765064
641514.380308904
641504.001976609
641494.330838343
641488.419633459
641473.44383503
641447.626101424
641441.64986531
641429.304102272
641421.208797809
641411.743014634
641409.62688719
641395.324355091
641386.778094041
641366.53550083
641364.078906241
641350.820501832
641341.653160757
641327.519776508
641311.615860165
641294.833182694
641284.766237871
641265.403230709
641261.077802496
641250.311734435
641234.406600775
641220.367445086
641202.75104936
641189.072946717
641176.722061441
641161.26836257
641153.767218577
641136.812580729
641133.592718584
641115.466822543
641115.842273192
641096.922046473
641100.128933698
641089.857192534
641085.547288501
641073.38098608
641072.30639415
641061.386691619
641060.598590588
641050.420537249
641050.212275585
641040.344512166
641041.02946469
641031.128419558
641033.034429347
641022.850453977
641026.314864256
641015.691854521
641021.054890949
641009.917963055
641017.512765469
641005.847897832
641015.992206164
641013.075473974
641015.670490799
641012.051267786
641017.164442126
641017.131008134
641021.358443366
641025.29346524
641028.453424761
641036.666558379
641038.55824208
641051.28091111
641051.679286991
641069.06849027
641067.721802431
641089.868452447
641086.49539887
641113.436702391
641107.726584781
641139.463536428
641155.243229455
641165.097721883
641185.867711901
641190.789248253
641216.685318959
641217.599961594
641248.815312208
641282.736093768
641302.326979143
641312.423915425
641330.794063461
641328.883609378
641353.69732269
641379.301272745
641393.897488109
641417.828563696
641411.65325846
641424.920487965
641432.089148944
641436.101690611
641439.465553009
641428.092058543
641421.576959665
641404.712011167
641393.672754817
641378.489481788
641351.880325448
641352.857430395
641349.497939186
641353.673296021
641346.011135714
641340.800186357
641325.641726875
641297.909072382
641296.352316486
641289.697477739
641288.409443523
641278.278592089
641261.987757506
641237.183588451
641231.549704816
641226.154211931
641217.506441222
641205.494300847
641177.84018591
641176.777218555
641167.16052301
641163.592400045
641147.949165394
641124.56351177
641117.316814137
641112.915678625
641102.337925997
641089.828832415
641062.589153747
641060.481541934
641052.367171885
641045.585817444
641028.69357943
641005.5206294
641000.32112244
640995.533524151
640989.985613769
640978.094454062
640960.781091078
640935.734190869
640931.658244601
640923.46610526
640920.732063009
640905.303699341
640892.02366942
640867.749460139
640862.670610538
640858.006181327
640852.487021589
640843.915684444
640824.816801478
640803.828943378
640795.169618046
640795.429673265
640791.540926948
640778.736597559
640753.549068882
640750.797633735
640749.943191106
640748.731003282
640738.129911397
640723.023375937
640712.049883849
640697.826290681
640674.162929253
640665.35690119
640641.560849362
640627.002745592
640631.225237844
640633.924687202
640643.766548336
640644.139973371
640627.16496367
640624.557144277
640611.859882895
640598.931682975
640587.927043574
640578.1072111
640560.109461688
640536.323373975
640528.245916661
640515.778353937
640508.797802131
640498.504504405
640498.216090433
640486.51777211
640478.964493604
640462.969029828
640461.751555876
640443.476989279
640448.158617026
640440.984653655
640435.813552721
640430.422781218
640425.597454046
640425.128496638
640418.662609513
640422.488283823
640414.647980237
640422.021979804
640413.146719469
640423.249805151
640413.744570599
640425.738850318
640423.892685674
640428.996244814
640424.225664081
640433.17803186
640428.797569301
640438.389954427
640434.023884982
640444.605963918
640439.991498166
640451.924085283
640446.907249115
640460.553162113
640455.079629102
640470.795278732
640464.88868543
640483.012844394
640487.462949088
640496.552576807
640500.748313561
640512.078095418
640519.750072602
640530.487855513
640542.020902448
640552.040366564
640567.740726067
640576.886272276
640596.975751791
640605.052324725
640629.671773253
640636.439232558
640665.659315729
640670.831063108
640704.668117971
640707.912401883
640746.348129109
640769.303941502
640787.968334483
640815.123250371
640829.837420545
640861.886994471
640909.564784007
640952.84478134
640961.599231196
640993.717653113
641010.908107076
641018.165744011
641041.222050752
641070.727302965
641095.759525827
641089.924047194
641111.264165602
641118.654788551
641134.103257651
641133.328913409
641140.433098056
641136.042439837
641120.090898335
641115.64626137
641104.719942303
641094.12086335
641069.063653937
641069.041342486
641067.983389908
641067.257597735
641056.309467432
641058.401084708
641055.975984194
641051.323564634
641042.414522716
641023.365395554
641004.367975858
640995.258752671
640995.365498635
640990.011529519
640976.782686195
640954.142839803
640950.470672547
640948.361012164
640941.281860917
640932.727778496
640907.842533131
640907.082447908
640900.158303554
640897.050815269
640882.701028105
640861.137907713
640856.716873739
640853.012497561
640845.592562745
640833.988933605
640809.172246405
640808.092367703
640801.503689347
640798.717337402
640784.838554416
640762.912105153
640759.900567914
640760.209353812
640755.883868277
640752.257623667
640738.086260111
640714.717576116
640712.463463374
640710.785711164
640709.945080522
640702.968829885
640691.593893406
640665.283618504
640667.899731545
640662.873356903
640667.304883972
640661.623555813
640649.439759983
640625.620452936
640623.934966927
640624.062518385
640619.24450056
640616.378339332
640602.653094988
640578.693901841
640575.858945396
640567.572532203
640564.539143116
640552.221999685
640529.206309165
640525.795115388
640503.913380819
640513.094020025
640508.770985241
640507.534041132
640496.88468706
640473.01186247
640470.782885758
640461.374769362
640455.954875366
640450.210857379
640451.207393381
640443.017831472
640424.273313418
640414.536956949
640384.998495743
640381.991583709
640375.388960566
640380.525488396
640398.88830258
640396.468025803
640405.76898578
640396.353676534
640410.084814063
640397.65186811
640416.847405737
640421.703699835
640423.835146737
640432.246993166
640432.160271442
640445.081558437
640443.216599357
640460.143542668
640456.908374871
640477.267494921
640473.106986397
640496.286734729
640504.756120743
640516.428538661
640524.571175338
640538.09694745
640547.922982766
640561.690728292
640572.857510001
640587.131554538
640599.339853368
640614.386622038
640627.385569298
640643.473592527
640657.057924573
640674.45405243
640688.456404631
640707.424610587
640721.707357093
640742.508771968
640756.95296259
640779.845187961
640794.337178951
640819.573197359
640833.990458325
640861.817712163
640876.01609999
640906.676356856
640920.479489216
640954.208804243
640967.400709461
641004.430961934
641016.753049295
641057.31206863
641068.461414267
641112.772791292
641141.788501245
641168.756396457
641200.976702351
641225.608222136
641262.474996638
641284.18530052
641326.06840319
641388.147963977
641446.797940539
641465.606404466
641509.906567517
641507.699534433
641554.715482387
641583.569680323
641634.953979217
641677.670863459
641684.333105305
641718.69394591
641736.472823591
641742.629102496
641769.05819115
641800.247855164
641817.600455577
641827.059539138
641845.368072382
641843.558168525
641870.418464555
641896.947946842
641915.442986406
641941.710871981
641936.400572032
641954.658719
641964.457640128
641974.627619156
641981.604055997
641976.419528652
641972.951682989
641959.112493062
641933.784416624
641932.729715441
641926.783043981
641925.648646708
641915.601989323
641899.196871472
641876.934506514
641871.361128905
641867.500498214
641859.585197521
641849.219494912
641822.477623356
641823.978502578
641816.60843904
641816.909500482
641805.563017334
641789.264259279
641765.683083014
641761.091479388
641752.567739154
641745.990462358
641728.41195567
641708.039460952
641701.021050504
641697.717474494
641688.539299831
641677.625685997
641651.143449012
641651.582534339
641643.848518104
641643.217404677
641631.358066687
641607.022632537
641605.721256663
641604.070279484
641602.378587773
641594.983424811
641581.127413322
641556.476571492
641555.325687685
641549.053171521
641548.374290567
641534.685701479
641522.58747913
641500.059219989
641494.688970797
641490.462776397
641482.714918708
641473.437115644
641448.470943902
641447.359018928
641444.287687518
641440.342634224
641434.316464029
641418.636796159
641395.176784011
641376.615995479
641380.37301042
641381.50037235
641389.311346208
641388.067796809
641378.145942606
641352.57628198
641347.278535418
641336.890028398
641340.083809356
641349.717346861
641351.884026173
641336.322260563
641335.823916798
641325.286350901
641313.237078371
641305.157862729
641297.42353635
641277.594937847
641267.701184868
641246.299696198
641228.072604352
641219.883081564
641224.280808355
641224.698617222
641214.460650652
641209.138628565
641190.444000258
641191.348558404
641180.869488921
641175.907841857
641165.258692664
641151.939836299
641139.779745925
641130.395479037
641117.14955498
641111.651063287
641097.76647251
641095.57443819
641081.492790176
641081.972781117
641068.116200265
641070.615472609
641057.372567093
641061.255250266
641048.969397442
641053.650397824
641042.614008048
641047.588420998
641038.041543605
641042.90441989
641035.0361463
641039.493157572
641033.449410112
641037.31833733
641033.212755732
641036.413947013
641034.340906857
641036.878954508
641036.929010455
641038.868264214
641041.142686072
641042.575596591
641047.197784288
641048.211216258
641055.336059841
641055.978596699
641065.79928113
641066.055056525
641078.808226157
641078.576442549
641094.540628639
641093.620995203
641113.110963583
641111.199094933
641134.557995471
641131.251403484
641158.840649631
641172.018801327
641183.508377326
641199.990089804
641208.915376947
641230.867317042
641266.371601241
641296.799134944
641297.518218173
641320.221068253
641328.5105379
641328.933050669
641343.654769898
641362.814470295
641368.206839841
641383.836812392
641376.122550066
641381.272404059
641383.047945735
641379.235832039
641375.216341668
641361.574486542
641334.958258336
641316.533717869
641321.929716425
641326.794670445
641339.425101783
641343.483436687
641338.215952711
641331.108356363
641311.189239386
641302.924410938
641288.079461709
641271.411392694
641247.256634204
641240.484939075
641217.419401299
641225.300183593
641221.119877518
641218.680650606
641203.87256781
641190.000206846
641166.773459321
641158.819856728
641151.270355177
641140.40586898
641125.020587034
641098.992848541
641094.95539914
641085.343304624
641079.718747045
641062.035604324
641039.388337177
641032.766903357
641029.156055774
641021.420449899
641010.88701086
640990.463168488
640967.936660596
640959.788664003
640952.807402305
640944.777334607
640929.418563667
640904.642610098
640900.081093014
640897.510016685
640891.386526543
640884.800432927
640867.832985446
640843.248361489
640837.478436072
640832.731877424
640827.278543151
640815.477645226
640798.130774744
640772.59881007
640767.847016452
640758.180881983
640753.454018148
640738.185596711
640712.822697925
640708.432948472
640702.25056436
640697.748470794
640683.004368775
640666.463004228
640643.342792605
640633.928708058
640625.591259479
640612.251254547
640597.046552774
640573.971652188
640564.916308571
640546.252885344
640549.220811761
640544.918127569
640537.073027439
640526.320086687
640501.4489078
640496.368868495
640478.761652066
640484.686631789
640467.430017279
640478.862384636
640476.736589175
640472.386784584
640473.422811731
640466.392212115
640472.570813607
640462.437315485
640473.644818844
640460.470977139
640476.5618189
640478.682629101
640478.868148806
640483.806790737
640481.507843937
640491.134997954
640485.918485146
640500.0996859
640492.128233407
640510.647245706
640515.551704262
640535.947050367
640536.982785992
640542.534791447
640540.071530598
640546.134261577
640542.218351441
640551.785600781
640546.976857809
640559.652517106
640554.568832525
640569.881368286
640565.165820207
640582.589553999
640586.313569158
640597.927085713
640599.352730381
640616.19268022
640618.690803356
640637.438461254
640640.652652431
640661.550912211
640665.135615535
640688.368372724
640691.996908905
640717.697531211
640721.068556385
640749.332408802
640752.17300337
640783.071469112
640799.295335746
640817.509540488
640834.356954384
640852.834336769
640872.839758584
640889.606000238
640913.030394601
640927.773970132
640954.871550519
640967.334523053
640998.35095031
641044.961193018
641055.400839948
641090.802975784
641090.660111733
641126.628657673
641146.983218258
641162.099610972
641187.362052204
641198.232461029
641229.064882718
641236.589254944
641273.333715505
641277.251291399
641320.180453054
641366.997089877
641399.221634199
641416.889984646
641448.632729954
641452.034874894
641490.874354332
641533.477522235
641562.584182253
641608.173219893
641611.28632968
641641.13618575
641667.234705503
641685.845577557
641711.911078339
641727.666694717
641734.637125454
641734.8505877
641728.341479332
641713.26620307
641696.874841574
641672.671478129
641665.778444268
641659.543015097
641651.989532076
641641.473367396
641620.119510224
641599.523232125
641593.220259249
641587.125337453
641580.75876732
641567.518015172
641549.724712143
641524.338513308
641519.142527408
641508.739229101
641503.039179205
641486.195866092
641462.439060474
641455.370438852
641449.81607233
641440.797480979
641426.64847142
641401.161464327
641396.761271143
641389.022346855
641381.578265019
641365.619996911
641341.725242375
641335.745669202
641329.50795629
641320.682969757
641306.904461821
641280.508841026
641277.970524834
641269.89831202
641266.426769391
641251.037064983
641235.221724478
641211.055296838
641204.320476062
641196.314798621
641189.189700238
641175.530169061
641148.379467682
641148.533221691
641142.405244853
641144.326060067
641132.4887161
641124.054461018
641098.618587682
641096.006083971
641094.32876928
641089.06781282
641078.682787328
641075.075778728
641070.055660238
641057.990744811
641044.453522153
641020.895966279
641014.112765766
640994.658812185
641000.451164905
640994.874446739
640993.935348281
640983.713544593
640963.22654891
640951.33780764
640921.430227796
640916.20779219
640917.966368915
640919.717452054
640910.096848626
640904.919721371
640885.021454386
640885.64870458
640874.619196529
640866.967377949
640850.455692625
640829.814009115
640819.708203583
640803.115881659
640804.215913038
640786.952165915
640793.422412657
640787.584294016
640782.983383147
640778.99211215
640774.110195128
640775.175155976
640768.334945511
640774.189114779
640765.658775055
640775.923004257
640766.003619234
640780.201450064
640781.121499711
640785.583817394
640786.505281296
640792.581371421
640796.327893082
640801.827120558
640807.947273512
640813.112533521
640821.142810554
640826.260270044
640835.745173292
640841.140660093
640851.64954713
640857.680979035
640868.823707684
640875.872926377
640887.312128549
640895.772803759
640907.22839704
640917.491920682
640928.741570576
640941.185690103
640952.060423956
640967.037085005
640977.410328073
640995.236572261
641005.012010619
641025.966880158
641035.06462169
641059.386334073
641067.722650568
641095.606409201
641103.076125113
641134.680950752
641141.145723955
641176.603342744
641181.880143677
641221.303652096
641245.251815701
641266.763015808
641294.194241272
641313.335119655
641345.349706739
641361.819164026
641398.703874432
641411.966359544
641453.985417251
641463.528381422
641510.92177339
641516.277784142
641569.260587548
641570.022031897
641628.783082478
641666.931948923
641732.03870278
641787.974649481
641839.757930489
641869.953373118
641878.088428719
641905.239392203
641934.183018281
641952.268240232
641980.92300414
641997.300583626
641988.159404331
642003.05094948
642006.541998834
642016.47996744
642012.582434248
642015.061339141
642007.148612805
641987.326573938
641982.090092602
641970.837123464
641953.251000473
641938.793027527
641918.086431769
641913.377761905
641908.334099515
641902.836048179
641890.643110857
641874.538266381
641849.252202866
641846.21304796
641836.222007359
641832.815872061
641817.755712752
641794.383196056
641789.175849734
641783.020551075
641775.090274289
641759.578663524
641736.908468251
641730.506757224
641722.882241961
641712.598355234
641694.691676801
641673.190045403
641664.396561724
641656.203985414
641643.684696683
641619.690165585
641616.720109927
641613.66760702
641607.800742348
641599.362172043
641579.228711618
641559.416068146
641550.142048411
641548.53288487
641542.065255931
641530.498589503
641511.994022096
641488.804257446
641484.325941432
641478.867342246
641476.635628037
641464.631282317
641452.481844716
641427.357703748
641425.183406596
641421.277785819
641418.7697423
641412.052769565
641395.102166376
641374.293742831
641366.690867903
641368.030717485
641355.509855924
641357.786343482
641351.234193018
641344.386979953
641329.907777375
641304.65307996
641290.73039233
641290.329284254
641274.003606007
641288.86375626
641288.919609281
641295.7582926
641285.591974411
641284.310027956
641266.228338129
641269.399372356
641260.222887696
641255.153115959
641242.232852277
641229.854716496
641212.565932615
641205.752601177
641185.119007318
641184.015615882
641172.042010915
641162.405815645
641152.292031655
641142.553991049
641139.01543675
641126.575295711
641129.6576904
641114.729698894
641124.231132927
641121.760319482
641120.161711007
641120.245652284
641118.395806711
641123.725894891
641120.148602128
641129.966010948
641124.967290696
641138.37752228
641132.331250659
641148.366083119
641141.704051186
641159.38907564
641162.326580971
641171.002598168
641171.347378488
641183.260285633
641183.547380597
641196.133479884
641195.970791428
641209.55899598
641208.709373909
641223.632332658
641222.007132757
641238.593980653
641236.235375928
641254.805750082
641251.856280037
641272.713255688
641281.963721243
641293.974060384
641302.721640467
641317.236602
641327.134307539
641341.354724742
641354.908777332
641368.782871221
641386.305198216
641399.71784147
641421.447059842
641434.206486579
641460.309483726
641472.142720477
641502.723491761
641513.279141486
641548.391385831
641557.246489189
641596.908119694
641603.580886494
641647.79330895
641675.898522425
641698.02978677
641730.940332877
641747.861347423
641785.736867115
641798.219448644
641841.307686966
641894.508006887
641946.441686059
641953.396975397
641996.372110136
642019.549770934
642059.355902987
642089.959718449
642113.356808199
642125.211357185
642116.128808472
642128.903833827
642133.917876952
642138.537039223
642140.499901575
642130.276323185
642123.418119739
642106.447736812
642096.994988765
642082.769095182
642068.649173412
642043.211852659
642040.053833858
642039.660718829
642035.506691917
642034.087079153
642022.852655483
642003.077280425
641981.103540971
641973.553885275
641970.104286472
641963.689047112
641950.932532063
641925.311156406
641922.798185068
641918.364638105
641912.121266658
641901.146587707
641874.42375546
641873.288548944
641864.428452546
641859.426831288
641841.692827415
641820.762723222
641812.169481995
641806.100003015
641793.879213648
641777.463213985
641753.772944476
641746.569895009
641737.473731972
641727.041175883
641709.260280311
641685.667748166
641679.885175402
641672.313288247
641666.66815786
641651.454293457
641627.58672987
641624.097387959
641624.437594291
641620.823884636
641619.01619564
641607.069467389
641590.408631284
641564.987218766
641561.219299795
641557.419462032
641553.285786776
641546.09428847
641528.695348921
641506.610696182
641499.72084806
641500.302197896
641497.537077578
641486.331195901
641471.41137278
641447.354197016
641440.985001489
641433.33626149
641422.806669821
641407.980511135
641396.288683758
641382.018475353
641356.764282201
641347.577907315
641324.720899738
641311.553385738
641313.941180953
641314.510859053
641322.841308794
641321.599072024
641306.395024943
641300.425697053
641285.23302757
641273.238912152
641258.075569821
641248.09162736
641224.610443874
641218.741537854
641203.621046579
641208.444617049
641194.079795906
641204.885538482
641203.443348889
641201.421475863
641203.066137301
641199.344707401
641207.078376068
641200.445529332
641214.031093724
641228.707232373
641230.56125934
641232.987876527
641232.723955789
641231.03714462
641235.354874334
641231.929210079
641240.175332687
641235.491408333
641246.911525917
641241.518503568
641255.308331559
641249.797614443
641265.150065079
641268.922212467
641278.685899294
641279.084405161
641293.843339717
641292.158762963
641308.341744471
641306.496085719
641324.383908801
641322.173432882
641342.003989583
641339.328449619
641361.29831528
641369.207240718
641381.481000843
641388.809890448
641403.033800931
641413.203779688
641426.701219475
641439.981501461
641452.698207906
641469.311703317
641481.199680087
641501.324837778
641512.322231192
641536.10054368
641546.114985329
641573.661531471
641582.554915317
641613.969347578
641621.546089583
641656.923604001
641662.92351982
641702.367287739
641749.254880765
641775.65433196
641797.788526894
641821.670448879
641832.731247745
641861.659054619
641904.859090043
641944.082743876
641949.409571088
641978.877208435
641992.082495794
641996.811759307
642016.763480742
642044.266061835
642068.063733682
642059.89820705
642081.193645409
642088.440754888
642093.121245877
642105.883214524
642110.306301381
642109.723545769
642098.221333212
642070.837709485
642070.899332694
642066.328034028
642069.070471992
642058.964310329
642051.969801447
642034.682240949
642008.856514989
642004.11067042
641995.347237643
641991.72824061
641979.360142861
641950.313092724
641950.731664093
641944.304614
641943.34108485
641929.235022475
641917.013824973
641893.237753644
641886.111084577
641879.066611169
641868.31522507
641853.441930859
641827.069769337
641823.057388196
641812.008687362
641805.721290167
641787.635747232
641764.74754797
641755.73003405
641750.287576414
641739.020555793
641725.262624325
641698.109834371
641695.442240972
641686.467139377
641682.761143849
641666.72538985
641643.2906715
641638.364717925
641638.197425011
641635.623581121
641628.001161216
641612.634845185
641586.842474638
641584.705907954
641580.014512543
641579.022638914
641568.840253909
641556.88810984
641527.42580804
641529.01755051
641524.496484872
641521.426035609
641512.481638984
641495.357795462
641472.427241027
641464.728323643
641462.967055505
641457.431866502
641443.847664601
641425.506561202
641400.062302882
641384.112807461
641382.431995122
641384.133300092
641381.488802778
641376.46606571
641361.169340342
641335.92509446
641317.252405354
641318.796498846
641317.748221229
641323.606939996
641320.163242946
641302.666099963
641296.486419033
641281.599468008
641267.214269471
641253.957338772
641242.018899562
641213.019860759
641209.609448053
641193.410614916
641196.311438177
641192.476580563
641197.103885553
641193.418136694
641180.438933399
641172.042914558
641151.012183887
641149.709189499
641137.32812863
641129.405739425
641116.127932026
641101.398834143
641085.952303782
641076.348095495
641059.337948625
641054.300779749
641036.100275081
641035.024259981
641016.015532898
641018.220595988
641007.464612755
641002.817008218
640990.469182311
640989.055220146
640978.575232313
640977.187240303
640968.1114642
640966.927992239
640958.843940283
640958.060130607
640950.619713036
640950.456107554
640943.386222434
640944.092550743
640937.192670383
640939.04411259
640932.176899827
640935.471457102
640928.552566991
640933.609505875
640926.593257786
640933.747556606
640926.605125094
640936.19598384
640928.891375436
640941.254293387
640933.726327375
640949.186219324
640951.624500042
640958.865625734
640961.403858502
640970.709562212
640977.406363774
640985.427386745
640996.674906728
641002.952150187
641019.065117113
641023.130240489
641044.343341349
641045.739209564
641072.208760576
641070.503507218
641102.312844455
641134.603485042
641154.630955669
641164.198968137
641182.651886453
641181.404043693
641205.695708019
641231.958144857
641245.137764364
641251.1409592
641263.471052571
641259.367053728
641278.420929611
641297.498214127
641306.476837636
641322.789785665
641314.409882802
641321.523873816
641302.974341846
641317.99920104
641319.750236592
641327.894503131
641327.626311639
641318.440952377
641304.229904016
641296.790203985
641286.901877117
641272.086819628
641248.45962741
641243.521094001
641244.292888222
641243.030555179
641234.467911074
641221.713945772
641196.162723529
641189.378669734
641175.696132455
641152.363944002
641149.650656718
641144.549834429
641140.379518958
641130.165281106
641111.519222627
641089.988887754
641081.471157628
641076.088951482
641064.983031985
641051.014622838
641025.404325575
641021.899140977
641012.58173453
641006.505396463
640988.663400303
640967.273524597
640960.020281489
640955.289299675
640946.093970664
640932.903769152
640907.577920879
640904.659402818
640898.597876775
640893.47104001
640881.339078099
640855.368606537
640855.313504648
640850.747660196
640850.594526212
640840.615264501
640828.616787972
640801.027159934
640801.971214198
640797.368475148
640795.121068677
640785.256145205
640770.330922976
640746.558000539
640742.071264062
640740.029345477
640733.293660867
640727.538608296
640711.549391938
640685.627304952
640682.50222338
640674.607822486
640671.246321313
640659.119128973
640632.556526282
640631.561872582
640623.665956587
640623.023183305
640613.397256791
640594.975337455
640572.940278566
640559.545153269
640545.20748464
640535.107478847
640527.296034518
640520.107220599
640500.722004333
640490.53799006
640469.529786598
640451.006045629
640443.088876984
640445.921787044
640445.813924651
640432.717988764
640427.994135959
640405.506552162
640406.304412507
640394.847318537
640385.667020362
640367.898977864
640347.952837956
640337.427440503
640321.092884116
640321.892021165
640305.016233469
640310.597031048
640303.803952745
640300.121974053
640293.934197068
640291.38847083
640289.109642002
640285.500908713
640286.695276628
640282.352074694
640286.526468334
640281.800556436
640288.427893437
640283.686174015
640292.230400088
640287.84359656
640297.784138782
640294.11673722
640304.972846551
640302.375245318
640313.726640345
640312.527668247
640324.027842063
640324.528999858
640335.91225908
640338.384260195
640349.463279282
640354.143503682
640364.800116462
640371.894954954
640382.06649951
640391.755878999
640401.41530626
640413.858791164
640422.992824004
640438.339129783
640446.927227808
640465.323922003
640473.315923394
640494.916109475
640502.210407733
640527.177828368
640533.607095428
640562.124114118
640567.449927258
640599.72288464
640603.632773942
640639.890947511
640663.197628231
640682.397575811
640708.972203662
640725.590997085
640755.118454041
640768.359588781
640803.320042995
640851.662861358
640861.669187516
640902.727378485
640898.740818437
640943.106689938
640971.582044946
641018.597795507
641060.040078035
641092.814104039
641110.669422212
641109.73194935
641125.482437155
641139.558832391
641147.015310199
641158.145548625
641158.949189598
641140.612399809
641143.860658011
641138.455904366
641128.585480792
641121.149946073
641105.862884053
641085.17302489
641079.923823655
641076.329452223
641070.112959555
641062.7656721
641046.21084037
641023.640821569
641019.439275202
641013.622049423
641010.583254815
640995.766884168
640980.967494415
640960.039937955
640952.291846785
640944.762546992
640934.245974625
640917.52689502
640895.504136469
640889.515493187
640880.096002188
640871.490157559
640845.217885978
640846.541353227
640839.876181135
640837.940068568
640824.12669898
640802.44377291
640798.986141177
640796.200130594
640790.734623762
640780.510391354
640755.526021357
640755.494491449
640752.59734414
640750.513746932
640743.385204067
640727.672038288
640706.112416362
640701.635245559
640701.186163009
640695.961807296
640691.570277209
640677.073182507
640653.682791046
640651.57722864
640649.630946936
640649.23605237
640641.767889132
640630.785428232
640604.202324958
640606.940895647
640600.649266927
640604.61728329
640597.800544606
640583.125897482
640561.741553465
640556.172407125
640555.522311254
640540.967449437
640543.517466996
640536.29523519
640530.004497218
640514.348486669
640490.895278893
640485.569362097
640475.158115304
640466.315099917
640458.362408364
640453.579411612
640437.617197978
640429.28429851
640405.838770589
640404.526049151
640391.132821815
640378.082473883
640358.210371315
640350.340627096
640337.905953986
640340.446213692
640327.825386224
640335.987174465
640338.850350094
640335.527021087
640329.01680334
640324.293828135
640314.448053257
640315.577213116
640316.157207387
640305.910223977
640300.830013483
640289.085213697
640282.768793541
640276.538568028
640267.743257094
640266.632488971
640255.732719052
640259.178369954
640246.647464413
640253.950764137
640240.340029776
640250.710283378
640247.2490143
640248.685636663
640243.985494023
640248.308421027
640244.97744237
640249.919531846
640247.400064736
640253.366339242
640251.178565023
640258.544914541
640256.303988386
640265.407266765
640262.833487117
640273.965322336
640270.883455965
640284.288494448
640280.618830517
640296.49614889
640292.234252882
640310.740999486
640305.932187311
640327.192891731
640334.366750452
640344.926839238
640352.395187245
640364.446733947
640375.263649687
640386.480556893
640400.911401294
640411.087582621
640429.371081873
640438.260908062
640460.610316669
640467.9303667
640494.538073226
640499.968429439
640531.008253257
640534.196176786
640569.82844085
640570.396009705
640610.773937237
640634.637875755
640650.915275752
640680.577473602
640690.83570851
640725.979315406
640770.932901031
640813.578100929
640817.416752575
640852.645561462
640870.434486427
640874.004229167
640901.145835603
640928.395942145
640945.972675678
640972.418661443
640968.033647762
640984.948442942
640995.236234256
641003.590026811
641011.113158933
641004.446577614
641002.476688157
640988.033488516
640981.871638379
640970.624118554
640958.907051665
640934.348255695
640933.088346621
640933.550235093
640930.61051399
640929.460108442
640918.237405723
640897.288840085
640891.146487758
640879.29111634
640854.884179549
640855.232069182
640850.248165733
640849.322786154
640839.663514018
640823.463641965
640802.278004484
640795.379686537
640790.043338185
640779.579695115
640765.193931916
640741.681925456
640737.439197043
640728.051800888
640720.807989724
640701.55386223
640682.528712537
640673.60487423
640668.49194867
640657.558193784
640642.576384517
640619.591328992
640614.855694234
640608.937239197
640602.130619133
640589.46727634
640564.494793216
640564.536238233
640559.553158747
640560.294667434
640549.49235648
640539.100328584
640514.51025715
640513.411032223
640509.764827445
640508.590241636
640501.679074933
640486.962286615
640464.811969023
640460.669075205
640461.232211707
640454.946462093
640452.079152307
640438.14384263
640413.495749351
640411.290101662
640403.847307071
640401.566111931
640390.182278801
640364.670436494
640363.821500418
640356.048191954
640354.936553086
640344.536376836
640320.843343769
640318.445457336
640297.332058308
640306.820233904
640302.901192053
640295.801170132
640294.679934722
640295.477247652
640282.118488686
640277.256720957
640261.853550223
640255.301227473
640245.231833618
640240.312136508
640226.368068928
640203.623965734
640198.277934619
640178.963689253
640186.184414108
640181.333980114
640183.661851465
640174.813335639
640169.771986874
640156.775436217
640157.107508685
640141.766591049
640147.544623802
640141.637980517
640138.921065856
640133.837873833
640132.110785474
640131.403987946
640128.225150779
640131.306647295
640126.987327297
640133.187451002
640128.092487436
640136.699974445
640131.236987157
640141.541767242
640136.149294749
640147.485331169
640142.616219531
640154.395972611
640150.498301029
640162.240445113
640159.74074408
640171.087804882
640170.376207059
640181.101152634
640182.521642191
640192.524047011
640196.368005016
640205.655737295
640212.157787591
640220.819664206
640230.16071605
640238.33332194
640250.647073822
640258.47710015
640273.860873152
640281.46802491
640299.996927881
640307.440090589
640329.182461396
640336.43175944
640361.464653489
640368.381813178
640396.804701186
640403.133501283
640435.080499532
640440.448385496
640476.095603311
640497.157715735
640517.629002723
640541.137962993
640559.79617732
640587.985677296
640603.271555003
640636.616219165
640685.783691234
640730.847619329
640739.681968934
640774.305030311
640791.873370377
640826.118708328
640851.464521046
640870.973182004
640875.740922592
640869.591857917
640874.440705464
640878.212828705
640875.137607094
640873.682495634
640862.67766847
640835.479522825
640837.268633973
640832.619448358
640837.418526782
640835.702087934
640824.812247791
640810.754014238
640785.792028006
640782.270323769
640779.57662303
640773.425860397
640767.530174509
640751.748580389
640726.215244814
640723.213620079
640715.581556379
640711.367221065
640697.751744791
640677.282071521
640666.285298574
640641.192513792
640640.645209262
640638.761771305
640633.574513719
640626.086715473
640606.917566388
640586.942673663
640576.189923619
640570.360690571
640556.707104635
640534.327391624
640530.709458367
640528.805794011
640522.531960535
640514.661718387
640494.164141223
640475.196755801
640465.457044912
640463.319638457
640455.606887523
640443.058874066
640416.944014818
640416.853903007
640413.740083284
640413.038420773
640406.970685337
640393.539472874
640369.594700301
640367.767907979
640368.346813256
640365.812153593
640364.113358212
640352.196349403
640326.798931167
640326.900699387
640324.295525386
640325.207583404
640316.744536921
640306.032878575
640281.2764544
640279.196262414
640273.906566923
640268.954194432
640258.801479526
640231.575050397
640218.79790161
640221.190718317
640228.470210349
640232.3262946
640233.889524447
640219.339669137
640211.728152068
640195.836211675
640185.07669875
640175.055529553
640164.920042051
640138.889777722
640135.527291605
640119.330357092
640124.27147287
640122.440266066
640127.667442136
640124.399588391
640109.40599853
640103.457941189
640089.676962234
640079.037841349
640066.643583257
640060.325538846
640045.248540531
640022.740780234
640016.778989569
639998.347936746
640005.284170754
640000.483518158
640003.813940506
639996.490815829
639991.051347036
639980.600065231
639979.072603317
639966.792057985
639969.400756547
639955.585483962
639961.596881403
639946.589014543
639955.245417963
639949.948225164
639949.355385922
639942.521424581
639944.220168776
639938.680561401
639940.196553077
639935.59855063
639937.222607172
639933.30239718
639935.355673368
639931.937524311
639934.765764682
639931.753520171
639935.718965923
639933.079728991
639938.550313669
639936.291740515
639943.630504721
639941.776698333
639951.332309155
639949.897176945
639961.994883927
639960.958523411
639975.89529626
639975.183407374
639993.223451269
639992.691015804
640014.065431441
640013.488163948
640038.395671778
640049.86817747
640064.596545494
640077.007278697
640092.757168403
640109.429938807
640123.320759135
640144.538686344
640155.925938988
640181.924682579
640190.199791017
640221.167282937
640225.785827741
640261.867535681
640301.970778115
640326.146275629
640341.483556097
640364.064509342
640367.305761007
640395.797217804
640428.265094983
640445.853555227
640456.252301239
640473.254972711
640472.604006096
640496.666443208
640522.059848597
640536.472050795
640560.528433341
640556.379844816
640570.058309263
640555.563968712
640576.948147803
640584.688241824
640601.998425293
640611.239258639
640597.045367484
640607.274243954
640607.023461128
640602.95452374
640603.418355793
640595.805604878
640582.042367631
640558.169817945
640555.169736866
640548.607649284
640546.796721956
640536.403873201
640511.20818949
640513.0918001
640509.88007319
640512.095705406
640503.103104037
640492.778938142
640468.753316555
640467.358037388
640460.73710887
640458.097082173
640444.26991068
640422.905437799
640419.387538898
640416.95288862
640410.653101483
640400.889230159
640375.618288686
640376.242066149
640369.778201377
640368.1919118
640354.286063566
640333.54153593
640329.872207907
640329.988535121
640326.552512746
640318.544067772
640300.870038142
640280.775176015
640275.346463718
640272.218558205
640267.076545131
640256.635000521
640238.073841253
640231.355265779
640218.656075884
640203.436709649
640179.168012057
640178.359170204
640170.842289531
640171.696454003
640162.107635685
640145.658279329
640124.978468574
640119.004412173
640117.872729972
640109.086704087
640102.961121422
640080.474760092
640078.787064392
640078.591880965
640072.070843739
640065.361835896
640058.530699383
640046.316207577
640045.873176305
640040.078773129
640028.321453718
640015.479075591
640002.03995759
639986.399990965
639978.293136728
639964.193056951
639943.042937611
639936.212554064
639923.991090347
639920.455387573
639916.081572925
639908.788432523
639909.845500521
639911.760456166
639901.168663681
639897.226001347
639885.162963788
639879.551770563
639873.367578338
639872.093134721
639862.819707594
639839.664380924
639838.807078101
639820.721173649
639832.072957192
639830.626472057
639838.075860633
639832.951625297
639831.066938431
639822.535975258
639824.079775124
639814.238219834
639819.594998328
639808.901098962
639817.392405028
639806.326604245
639817.237030684
639814.555276141
639818.634606274
639813.759441413
639821.79480116
639818.009593864
639826.831283393
639823.757426813
639833.58948694
639830.922649939
639841.98109268
639839.493309564
639851.986663951
639849.518207156
639863.650794996
639861.102229507
639877.081424306
639874.398161075
639892.436472491
639889.587520553
639909.906158209
639918.795741845
639930.870311821
639939.029355331
639953.605034869
639962.842216262
639976.632171912
639989.492083488
640002.192171844
640019.054572953
640030.346430844
640051.543132693
640061.096428535
640086.90018518
640094.376061667
640124.999060072
640130.057615393
640165.6549738
640167.96140706
640208.639691625
640233.315130193
640250.95775166
640281.267861521
640327.889146235
640369.687276223
640378.88048828
640410.131668551
640401.095695688
640437.011901539
640455.874537855
640490.055141279
640515.47415614
640511.497093942
640532.894784534
640540.722026546
640557.091620869
640565.032007842
640562.631309604
640560.26981768
640545.235738453
640540.493266259
640529.629865291
640519.687400135
640497.243273258
640496.337393359
640496.719906047
640494.152958679
640485.788359924
640485.822057839
640483.86391582
640477.003378456
640467.230292384
640441.202769454
640444.850437373
640442.427538143
640441.038963494
640432.844535709
640417.192464147
640397.459491162
640391.353659763
640388.482301543
640379.142152135
640368.157734075
640345.788977886
640343.068516802
640335.745204095
640331.153956727
640315.377532449
640295.822050973
640290.487767149
640287.004291202
640279.346612085
640267.309955438
640244.192558779
640242.854833905
640237.509273237
640234.659797894
640222.012765748
640200.427881736
640198.846204889
640199.158908637
640196.329944751
640192.437278449
640176.415208224
640157.077082543
640155.545465412
640154.060583347
640152.123820503
640145.744203803
640132.899858522
640109.130821088
640109.967815361
640105.390792802
640107.70340245
640100.17974234
640086.522218556
640064.276113303
640061.052915625
640060.098752223
640053.413828961
640048.198232569
640032.316474689
640010.353821465
640005.417903009
639996.473214582
639991.633582595
639977.666755762
639956.408697916
639951.491264613
639930.921037068
639938.93244269
639934.186559616
639932.266393938
639921.083248338
639898.014552651
639895.680341275
639886.763547062
639881.314121044
639876.08014925
639876.912353704
639868.741199262
639851.52018696
639831.210741625
639812.041655174
639815.466262159
639814.573344093
639820.761098
639818.428549357
639804.728278873
639799.173279491
639776.880142516
639779.092406632
639768.963153246
639761.718193963
639748.298610939
639736.048428423
639719.377699135
639713.175925135
639695.144242349
639693.594911517
639674.637205095
639677.192839463
639667.227115197
639662.707099086
639652.111986107
639650.547840613
639642.727052276
639641.128955112
639635.546359322
639634.066438126
639630.186043008
639628.979545043
639626.292823217
639625.528375336
639623.575742181
639623.442554143
639621.831682884
639622.547134629
639620.964072312
639622.774613413
639620.984705465
639624.16535827
639622.010538452
639626.863985875
639624.252587758
639631.103344916
639627.992601384
639637.179441092
639633.554411082
639645.421197453
639641.27079318
639656.157265812
639651.452210331
639669.6865088
639664.358696186
639686.249183461
639694.35860545
639704.372320993
639714.169932081
639724.531447381
639738.976215722
639747.540961638
639766.990054614
639773.253964454
639797.990521174
639801.442294222
639831.671341458
639867.037041704
639885.794661267
639900.024600124
639917.535756981
639921.616330595
639945.345328495
639975.42369794
639988.491576831
639998.950526129
640011.519392937
640011.937928015
640031.536382997
640054.239342088
640064.033097478
640083.585162149
640091.91312251
640081.024617564
640086.710043057
640081.650309794
640079.601563662
640069.115802165
640042.411806325
640044.157078595
640039.194421362
640042.515453263
640037.563196458
640024.175672199
640000.576515766
639997.239228787
639983.122325102
639992.758433749
640000.36263651
640002.370118803
640004.437216426
639996.173995154
639981.09995627
639958.522468175
639953.775232791
639950.791297075
639943.301347148
639934.269546506
639908.968598839
639908.864205393
639903.020772336
639901.751140779
639890.09304851
639874.499738699
639851.456308794
639846.420407954
639838.601580551
639831.728663409
639815.019067126
639793.921224509
639787.782447277
639784.598218696
639776.44976566
639766.463307805
639739.31091731
639741.145260921
639734.101908705
639735.4616095
639725.771179756
639710.824651796
639686.661828482
639683.409227322
639678.683827159
639673.753551437
639663.730229123
639636.78165264
639639.632054327
639634.632422435
639638.032410873
639631.106197446
639618.4371763
639593.545281671
639591.700410508
639589.322816632
639584.486997138
639578.3799175
639562.239413843
639539.308551049
639534.766548964
639527.440978864
639523.723102786
639510.278937614
639485.972522165
639467.624011848
639472.648024159
639475.356800865
639484.939961399
639485.465302604
639477.174981501
639461.04363789
639439.095555748
639431.008656556
639428.524332014
639421.607546725
639405.463369999
639385.10789963
639371.812968528
639360.762722271
639350.684371818
639346.973577605
639343.661781076
639328.706392692
639321.150720467
639304.873206279
639296.47709448
639286.036689359
639279.79345143
639265.107849055
639242.028840596
639236.003253961
639216.655223512
639222.58716451
639216.160917503
639216.992668261
639208.764514176
639200.10050165
639189.483269936
639183.871189985
639171.979047437
639169.721406532
639156.960665302
639157.520977989
639144.319104475
639147.153545382
639133.945763872
639138.530599105
639125.743625573
639131.597500118
639119.633252951
639126.33652867
639119.632877794
639123.09343856
639129.194984615
639121.383899082
639122.613801499
639109.626502507
639111.798061649
639100.881898834
639103.279824249
639094.700600498
639097.264721408
639091.248178084
639093.92214538
639090.654839033
639093.364166124
639092.998105193
639095.634903979
639098.299766098
639100.711440842
639106.524977011
639108.502979313
639117.580383066
639118.855504378
639131.321193799
639131.565406922
639147.562582368
639146.394701649
639166.092738377
639163.089510706
639186.689457339
639211.331745007
639221.897634438
639229.864107069
639238.001939366
639238.660589938
639252.011876754
639271.832869417
639286.43840444
639276.361911989
639287.75665776
639287.164482189
639279.463448442
639285.096826176
639289.365027555
639285.727105614
639284.735827808
639270.265565836
639264.786047134
639253.861838061
639241.518426441
639217.445899862
639214.389273303
639215.467053735
639209.610987541
639204.124129431
639200.192747681
639200.155128678
639188.57153598
639180.379354259
639157.309862014
639153.751301603
639152.486859388
639145.233462635
639139.906913358
639123.468203929
639099.289739576
639094.709780672
639086.08738637
639079.628535019
639063.572114189
639041.277159482
639035.433179614
639028.747202456
639021.67702281
639005.054410059
638984.319169861
638977.011393892
638973.881520761
638963.532402806
638952.954772796
638928.526177692
638926.181240247
638919.33920209
638916.349997191
638903.000408809
638879.820219053
638877.86455155
638877.008049645
638874.097851444
638869.09705611
638853.274381179
638831.578546563
638827.294250615
638827.456293974
638822.422495058
638818.70474335
638804.43320127
638780.642228464
638778.305201437
638775.499820991
638774.134484493
638765.234636773
638752.684174102
638726.644524745
638727.28443183
638719.453778163
638720.789899424
638711.177914952
638693.836463042
638673.19700777
638665.176026982
638662.549755108
638650.629947059
638641.698998766
638620.076250387
638614.607701302
638599.042331068
638605.353920972
638604.83169376
638601.1342475
638593.352282492
638575.925304027
638554.517235986
638535.291071341
638538.064205292
638537.049495274
638541.895169415
638537.80582618
638525.231856041
638501.650376884
638483.959783267
638488.675188272
638490.827691806
638501.331293731
638503.299047775
638490.146431642
638489.176535117
638479.13909275
638470.014626273
638462.145321922
638458.967375852
638444.637846924
638438.313191868
638417.750532097
638418.880706721
638408.475600403
638402.008566415
638389.71353668
638377.129054335
638362.149921453
638354.987982955
638338.399292039
638335.775770751
638317.924394058
638319.25158367
638308.54249761
638304.004695648
638291.965438325
638290.466586567
638281.049925545
638279.149054162
638271.857030628
638269.7762267
638264.131224389
638262.123267904
638257.687252982
638256.034112148
638252.423199214
638251.433670652
638248.329971995
638248.335968842
638245.491738139
638246.83959022
638244.073443488
638247.115349914
638244.304439305
638249.389700106
638246.455986078
638253.922491281
638250.8155881
638260.981844836
638257.659076606
638270.818698357
638267.225571705
638283.643301653
638279.69374135
638299.603006422
638306.480189874
638317.308471272
638324.771015435
638337.122563994
638348.880477568
638359.7171888
638376.070878469
638384.913331391
638406.107859484
638412.475895802
638438.701228524
638442.131236628
638473.524851803
638509.224402698
638528.798791414
638543.067801363
638561.075417489
638565.174192852
638589.072076113
638618.980437916
638631.968782314
638659.83114445
638660.180170162
638672.214638664
638664.536888911
638681.576984131
638694.342309012
638701.956053017
638711.610754523
638700.379288682
638705.534052335
638701.609560255
638702.142372733
638694.540883874
638678.846243229
638657.250044326
638650.760781542
638639.599710633
638645.914033532
638653.956832004
638652.880350974
638655.35276677
638647.239678593
638626.058784571
638620.806693433
638608.952167975
638585.944088359
638581.503265213
638571.509475065
638558.074933073
638536.60491416
638531.745786774
638524.105810829
638517.830606087
638501.893792395
638481.528975591
638475.360255532
638471.724423824
638463.826464042
638451.246991579
638428.512551162
638426.11632556
638420.583934949
638415.840240647
638402.28500744
638380.930496395
638377.805502168
638375.149757171
638369.87220113
638360.591450499
638335.437997311
638337.650229335
638333.236535519
638334.765967818
638324.62594801
638313.856666243
638290.535572207
638289.420056827
638284.633287786
638283.587276131
638274.137838246
638259.703818263
638238.075917638
638234.517235974
638233.188861872
638228.087244951
638222.439702167
638207.021816901
638185.510404785
638182.162210719
638177.861172192
638175.914428887
638162.753726135
638151.575998576
638139.847166549
638128.653133267
638106.043417661
638100.351239727
638077.385302296
638064.510717598
638072.889709965
638080.821789421
638084.836386363
638095.943729536
638097.689155311
638091.766852874
638085.720456963
638069.84138532
638069.393824117
638060.241605389
638048.172161098
638028.26266067
638022.065358453
638012.914880533
638016.875821184
638008.105277479
638017.541988036
638024.087027222
638021.857869501
638018.722604271
638014.877763318
638008.402958068
638010.17915808
638014.064098162
638004.362063645
638003.100976407
637991.901893858
637989.886841875
637984.321894146
637980.210936362
637980.057393064
637974.148586643
637979.016954762
637971.652935547
637981.006162209
637972.568240582
637985.751258267
637976.647048684
637992.925230807
637995.123806928
638001.602611343
638003.036791441
638012.00161206
638014.99236403
638024.307406704
638028.355054279
638038.254900596
638042.926632228
638053.656121704
638058.597634089
638070.412447166
638075.35695919
638088.524912578
638093.291246895
638108.088957311
638112.571682545
638129.282929722
638133.438356666
638152.352283308
638156.17758198
638177.583892617
638181.091839466
638205.276501189
638208.470141514
638235.711865247
638238.560462035
638269.127449999
638287.667796422
638306.3526162
638326.337162733
638345.758795574
638367.945552866
638385.999154041
638412.821239934
638429.0183896
638460.79337457
638509.92096736
638523.51342884
638561.391996203
638564.670570801
638603.953802303
638603.743250266
638648.774813801
638676.44231965
638692.375526546
638728.090831815
638735.585023548
638777.494004411
638780.002230965
638828.243070579
638873.824195908
638911.470973386
638925.376893179
638962.532333872
638960.293136677
639004.474506953
639041.872704652
639076.319364111
639116.347987476
639134.216445998
639142.42476102
639161.249234006
639184.923154037
639204.897164794
639214.903707965
639224.712494381
639212.03979903
639220.527241666
639219.992119742
639222.357567218
639213.419983996
639207.35667978
639184.2872924
639185.629360164
639187.471878454
639188.080367101
639188.807346213
639179.952754234
639165.908922164
639143.680092155
639141.6424645
639139.642458689
639136.21427505
639128.881761635
639111.634781494
639093.296015078
639086.556763955
639084.386815578
639075.397682822
639064.528635389
639040.950515452
639040.077478688
639032.913472027
639028.76288518
639013.011685735
638994.042397461
638988.691859092
638984.534329613
638976.915302066
638962.782482575
638942.439124319
638937.62620376
638933.961455332
638925.984583958
638914.89396584
638890.675064685
638891.684871445
638884.814317577
638885.856180632
638876.06848162
638852.282079139
638854.526307522
638853.540635024
638856.960336223
638851.075967916
638843.865112161
638819.32011898
638822.056775249
638821.046209743
638823.184949161
638820.73360359
638808.416852712
638795.875651478
638775.523106694
638770.589008697
638767.910619084
638760.042754555
638752.61324462
638731.177825495
638729.005095153
638714.416471301
638724.001218826
638727.592790945
638726.203459592
638723.747214494
638709.745596745
638701.700599223
638680.917653627
638679.331187178
638666.190397538
638653.583439067
638635.895063426
638626.983457016
638617.284542385
638617.318806841
638607.322367572
638611.826055341
638598.824213197
638607.762631705
638604.404180913
638603.016341554
638600.484639705
638598.678884559
638600.82619747
638596.325331543
638603.211955811
638596.188025567
638607.778213357
638598.494516634
638614.640695271
638617.635565878
638622.09839223
638626.476660698
638631.171288017
638639.574799739
638643.131473045
638655.192915975
638658.032417011
638673.275704766
638675.873817511
638693.736174201
638696.602160264
638716.463858304
638720.119063735
638741.339148013
638746.293516327
638768.24395251
638774.972576417
638797.070697821
638806.183728387
638828.679321414
638843.110481548
638861.753028131
638875.712615478
638896.011083517
638912.85234992
638931.992504084
638951.89511548
638969.721281444
638992.812688323
639009.245544993
639035.615852655
639050.637204663
639080.354157146
639093.979940956
639127.100145129
639139.351559835
639175.937798773
639186.817030258
639226.954666227
639236.421114922
639280.231249106
639308.388536453
639334.009171752
639365.570038864
639388.8152185
639424.895240453
639445.591956845
639486.627263159
639504.259761349
639550.678245605
639564.712555653
639616.915663637
639678.235582525
639719.529580855
639748.103575934
639788.882041737
639800.983136328
639848.966204872
639904.37201512
639960.721043255
640000.729608647
640013.65263145
640051.093200769
640089.143770032
640118.311914514
640158.198591469
640185.706195814
640206.741597587
640217.834187823
640208.45628168
640222.262339065
640226.799874719
640233.862237925
640235.234001165
640228.278674371
640216.438170646
640212.507243637
640205.757199301
640195.544791827
640180.978777836
640156.91999116
640156.764139035
640149.297865231
640150.767626009
640141.344674894
640124.719954383
640104.468118125
640098.214260606
640095.135359685
640086.358466803
640075.562083478
640050.631569499
640050.635806168
640044.488428526
640039.988086378
640023.921902896
640004.905662964
639998.529459305
639996.306588034
639986.510711835
639975.869013272
639953.273753363
639950.158124208
639943.074368177
639937.906169027
639923.209119128
639901.617848386
639898.62798278
639894.094539421
639890.712391998
639878.289179962
639863.033368198
639853.558662687
639838.860914815
639816.878283151
639816.176009193
639815.398834476
639816.321908302
639810.249851876
639800.792230336
639773.849561182
639778.447590114
639773.019875269
639779.407617939
639776.560866304
639754.999554132
639755.761304566
639748.73217581
639735.004784473
639716.67148745
639716.873780739
639711.909009329
639702.641496909
639705.005928372
639702.736377686
639694.841937728
639684.430237109
639663.028570811
639658.027550066
639641.932336164
639647.710989008
639646.535428401
639640.23419529
639629.820344566
639621.25554708
639607.385948131
639603.62368997
639586.171913239
639587.158119107
639576.850680559
639569.80927144
639559.787253676
639552.95389375
639547.987613118
639538.404590464
639538.620374981
639526.46794883
639531.912157189
639517.393352447
639528.006571649
639525.90943888
639524.809054925
639524.717346815
639523.306181663
639528.066214375
639524.812721839
639534.117677086
639529.230667897
639542.644517166
639536.405488668
639553.3825307
639570.019881187
639572.673050773
639578.742867455
639576.908584484
639580.854643271
639581.128623522
639585.125476621
639587.048160129
639591.508399496
639594.622517708
639599.981270813
639603.846956317
639610.5421278
639614.752228572
639623.210586865
639627.40612289
639638.028742692
639641.905225784
639655.052842395
639658.36252271
639674.347801659
639676.898331139
639695.981322118
639697.627622925
639720.015578068
639720.647613709
639746.497981587
639746.023938656
639775.452216643
639790.266131223
639805.257605598
639822.114900423
639836.406819072
639857.383815246
639869.750260246
639895.075855952
639905.193524061
639935.069526912
639942.616353608
639977.222164993
639981.880919159
640021.376020135
640022.83586403
640067.36633649
640096.645842607
640148.376865594
640162.853821082
640198.404509293
640200.263355003
640237.305637594
640275.444433295
640301.789641011
640341.56959961
640343.476849339
640368.969456362
640358.749018029
640390.145794997
640406.165720695
640436.200040197
640457.828666716
640449.622585124
640469.947759514
640477.329553396
640482.314290248
640494.084936348
640497.664877842
640495.780110851
640475.711873982
640473.73072884
640464.623474071
640450.211960561
640436.586802871
640415.523897076
640410.257841282
640406.622510879
640399.098383151
640391.022924537
640374.163596023
640349.416271714
640346.032892781
640339.097642167
640333.680033651
640317.303023668
640296.952782274
640290.365247878
640289.25366964
640283.083480344
640271.052428246
640245.963278986
640244.459918946
640237.910031689
640233.159210173
640218.709983351
640196.520268782
640191.903262257
640187.594026055
640179.96344762
640168.053330563
640142.747690008
640141.772303053
640134.739984914
640132.515261854
640118.187385337
640103.374056323
640080.548259336
640074.997214938
640067.809192556
640062.19448003
640049.071168129
640023.930982921
640024.490698978
640020.645722202
640022.960524477
640013.859913661
640005.857707778
639980.542784713
639980.656521238
639979.136626434
639977.810522977
639974.416912684
639958.292721907
639944.320866046
639923.732668841
639915.126209506
639899.12523934
639903.488754972
639900.686365816
639895.52098169
639885.423945406
639857.875612942
639846.895835607
639847.928510515
639833.80312189
639852.513006907
639856.44425435
639868.746153546
639860.668160414
639864.95106987
639847.794306298
639856.834484901
639852.50057516
639853.605928439
639842.382744373
639836.343841045
639819.103530416
639818.598526577
639797.935389259
639802.86985672
639795.20769611
639787.083598503
639782.359598977
639772.842495163
639774.120454208
639762.17341874
639769.475115112
639755.362644784
639768.521916312
639768.758795968
639769.027025017
639772.152464592
639771.903765618
639780.024715668
639778.303610646
639790.83990248
639787.871589445
639804.117850679
639800.181937142
639819.350990843
639824.844633781
639835.41294285
639839.335705115
639852.47515741
639857.674085388
639870.756140553
639876.707168227
639890.039423108
639896.296853151
639910.233567959
639916.445584279
639931.379100891
639937.295593531
639953.643954696
639959.11287312
639977.303036804
639982.257216013
640002.708842512
640007.147827421
640030.260600049
640034.2276907
640060.36802654
640063.918997827
640093.406422329
640096.579186415
640129.682874329
640148.287996688
640167.983996782
640188.796359827
640208.812103007
640234.035166967
640252.908105056
640282.802985294
640300.114861653
640334.870373866
640350.164050797
640389.900075765
640402.697328932
640447.477736049
640503.448765402
640536.151107108
640564.006313753
640594.877589156
640609.308811608
640645.768944783
640695.957737705
640744.546658155
640786.975410435
640810.298320579
640815.849833459
640834.472675741
640828.557223345
640854.330304084
640875.941600324
640892.194778854
640892.207135177
640909.115591368
640897.997029568
640923.250064624
640934.692660127
640958.135180791
640973.30279595
640962.497689357
640977.224331338
640980.423682148
640980.237732083
640985.822934379
640983.16658762
640974.620488723
640948.595029581
640949.88704777
640945.213986798
640948.042199004
640942.277771993
640929.339292375
640905.998704382
640903.626359479
640903.24117309
640898.709229958
640894.189202006
640878.682685655
640856.572984215
640851.44828198
640847.349798891
640840.869903787
640828.548301767
640804.788585755
640802.631196215
640797.84223367
640793.129929099
640780.960122981
640757.451215157
640755.459749357
640751.511396121
640746.850693798
640736.270220676
640711.223028092
640711.678686045
640706.869052977
640705.994223268
640694.76558205
640681.013164852
640656.288837398
640654.662461018
640646.502644257
640644.92677638
640632.661262599
640608.560043521
640608.017157854
640606.234840202
640606.656175791
640599.42796757
640588.890900547
640562.108499578
640565.234043507
640558.625655644
640563.161544771
640558.341553187
640543.228546441
640522.689764523
640518.28917185
640517.651417816
640515.427461065
640504.404463177
640490.210384135
640468.887604099
640462.61877421
640444.344086399
640450.900326455
640446.013121757
640445.440068654
640435.770236684
640413.177854846
640410.933579355
640391.76224116
640401.161657424
640397.785090752
640400.12799331
640389.827228622
640385.07628785
640368.484974146
640369.183292181
640361.469514168
640350.177150109
640336.521848585
640323.44119864
640308.150141022
640300.633771738
640282.172248301
640280.298110778
640269.911203845
640256.527628914
640242.417941662
640227.541819389
640213.418342305
640204.195150624
640193.313678014
640167.598478472
640166.459307623
640153.659852963
640158.46780688
640155.92208183
640156.830193874
640154.604726053
640156.978345738
640158.017785316
640159.597587784
640163.162338847
640164.281622703
640169.621327872
640170.658172866
640177.056571547
640178.422550411
640185.238333242
640187.363795628
640194.062666034
640197.380586616
640203.559023397
640208.49118547
640213.887950862
640220.830105414
640225.321425527
640234.62901296
640238.212473591
640250.192676765
640252.962088794
640267.870179858
640269.981243118
640288.020496821
640289.651095048
640310.977378072
640312.287970185
640337.019870082
640338.115964013
640366.345379839
640380.651310051
640397.770968408
640413.27709218
640431.622587256
640451.172068551
640468.420546641
640492.272930427
640507.887027091
640536.284758883
640549.668880253
640582.838127472
640593.369945888
640631.521093053
640638.581858973
640681.909377289
640729.481900008
640761.033504932
640780.42451588
640810.582242263
640815.900031509
640852.271936894
640891.931599831
640917.807230483
640957.940147085
640960.35519016
640985.71350984
641006.731511096
641021.138356993
641040.20000714
641049.664548831
641049.823769126
641045.197752455
641032.508214216
641007.825603606
641010.563510877
641005.859140483
641012.139158701
641008.855513354
640988.768502133
640989.437546654
640984.143333227
640972.630246585
640963.549779923
640942.770202396
640940.698364591
640938.4143534
640934.946325592
640926.388539753
640911.837221666
640888.797214206
640886.926110397
640879.105536909
640876.457309016
640862.386088708
640841.171944542
640836.467630005
640832.419375418
640824.97820243
640811.653212047
640789.674131854
640785.899212396
640779.139112617
640772.212635358
640755.592096416
640736.286561145
640729.122942793
640725.199751257
640714.859419823
640702.553788843
640679.938971367
640676.96201483
640670.361819288
640666.822677939
640654.027424674
640631.088709878
640631.291865771
640629.330255659
640630.589700639
640623.462199362
640613.900903497
640587.349734741
640591.518324386
640586.777582557
640592.547904721
640587.889834009
640577.214412905
640558.951805896
640552.124934659
640539.01038125
640516.622637719
640514.368823462
640517.246491132
640517.925862169
640510.6589662
640498.808940113
640473.991438955
640475.160523001
640471.258952397
640464.866197142
640454.151961918
640432.111830539
640428.691109619
640410.261943121
640418.339670537
640413.952063099
640414.286333024
640403.350573463
640396.637338288
640379.739992521
640378.275773304
640357.733783529
640361.015041993
640351.653386887
640342.833212958
640335.15354851
640325.134011075
640322.642010308
640309.754540169
640312.664483354
640297.007245055
640305.462064002
640301.731567302
640298.593230091
640297.28868063
640304.352211203
640303.579411756
640290.498440964
640286.577702951
640274.314293411
640266.334697076
640254.645255186
640251.081499149
640238.813878091
640228.131980428
640212.491045058
640207.195644474
640190.281985724
640188.911371286
640171.289093645
640173.025010348
640162.110814371
640158.847183501
640145.470675667
640146.701337001
640134.56868338
640136.7603906
640125.224012019
640128.755310426
640117.245765548
640122.463388395
640110.51349613
640117.722025277
640104.982060715
640114.441727815
640110.535851322
640111.399016169
640106.520035911
640109.03672574
640107.224547213
640108.223380944
640109.76322818
640109.213800424
640114.323156821
640112.271432761
640121.105907683
640117.646318797
640130.30937213
640125.551077261
640142.107266768
640136.140073066
640156.631076345
640163.533524364
640172.272661986
640180.623650015
640189.575570962
640202.317649092
640209.378946341
640226.757165451
640256.225833502
640259.385290191
640280.24944152
640274.504128564
640298.679456999
640309.205509886
640334.984897993
640353.433594426
640352.245437824
640363.074276576
640348.484500694
640364.567402841
640367.668740686
640378.236442382
640380.1684793
640373.983524167
640360.893136218
640337.875077433
640335.225730531
640334.878811294
640329.184815618
640325.818101592
640312.145046577
640288.069000793
640286.976622425
640281.311054313
640281.047826477
640272.141257688
640255.945672273
640235.428321518
640229.354499537
640228.041744082
640219.144502899
640212.188519405
640189.183793486
640188.005760648
640185.907179667
640181.64172541
640174.558509047
640154.845494773
640137.990398154
640131.456462064
640125.656736218
640116.59668602
640101.251156788
640080.377108219
640074.659905905
640070.171066408
640061.656544732
640049.096924455
640025.296368712
640023.870857011
640017.480525453
640014.533491519
640000.926900866
639979.227469925
639977.186867323
639976.053511761
639973.520229084
639966.525138411
639951.87678826
639929.29844404
639927.387506017
639923.09224001
639921.854767393
639910.588116363
639898.11351886
639875.158048742
639872.412711628
639867.565305557
639864.180465134
639854.600844639
639828.608938758
639832.40542385
639827.704008011
639832.310027289
639826.368999938
639813.116121632
639791.037326681
639787.232783567
639771.845031712
639780.908248619
639782.343183659
639782.117585004
639776.698411295
639759.50255324
639741.854452965
639732.167385989
639733.691660564
639729.109756252
639716.119353662
639695.708275256
639684.709287344
639674.346528115
639664.924434849
639662.948171163
639659.823405413
639647.271978818
639638.041985052
639624.699390252
639613.319327788
639606.342932712
639591.164636055
639590.357075447
639583.852564839
639571.844008491
639560.65031418
639547.202064499
639535.432155892
639527.553628548
639519.903726728
639500.167994466
639492.450905442
639473.016822847
639467.03056727
639453.800402027
639444.061494781
639431.385457917
639422.957739813
639414.253124658
639404.622007456
639399.434539172
639388.756050421
639386.592037512
639375.04677582
639375.398689189
639363.200961186
639365.57187939
639352.973231824
639356.898229687
639344.187444034
639349.252343598
639336.752312681
639342.606734323
639330.667692551
639337.032146566
639340.445576682
639329.692484511
639330.578857374
639319.678506392
639316.906979193
639303.544613507
639305.23801462
639294.089663335
639296.132608756
639287.610392696
639289.922117023
639284.394382785
639286.85446563
639284.63733925
639287.074517547
639288.425657172
639290.608245336
639295.725302001
639297.35959845
639306.387061437
639307.122939018
639320.162836994
639319.601480429
639336.724810608
639334.42999395
639355.691619585
639351.204875013
639376.658615262
639387.75984601
639396.846679486
639410.640396917
639416.610689936
639435.172156127
639463.395864326
639485.977863307
639501.712811155
639502.488606686
639495.774406197
639494.898703889
639494.555698734
639483.57553094
639475.609751076
639453.778439972
639449.308618552
639435.868436291
639443.983211255
639449.415883737
639449.345642822
639450.368510354
639441.880031354
639419.508717446
639414.272047507
639403.824792201
639385.48833261
639368.048960432
639367.154116386
639364.327480672
639360.90802458
639351.515527829
639334.107593933
639313.954210082
639305.738461486
639305.341011962
639300.079215296
639286.67029071
639264.072758626
639259.796336387
639258.180453245
639250.161261473
639242.645011745
639218.025005854
639216.649573987
639211.343145694
639207.047919599
639195.135746593
639170.707898685
639169.213403909
639163.932436581
639160.025217458
639147.713358956
639123.717605096
639122.034932566
639118.727620504
639115.507770153
639106.371248776
639090.226065382
639067.101640474
639063.023503802
639057.856682037
639053.946311694
639042.284574992
639026.850233262
639002.040113601
638999.725313383
638993.287453325
638992.138270411
638979.529464023
638967.410069078
638942.72642529
638940.251866041
638935.158808457
638932.681051372
638923.397406011
638907.044405816
638885.029141545
638878.66519566
638876.690456583
638867.270224461
638860.061175106
638836.027329364
638833.315641365
638830.856875977
638823.334540927
638816.430912824
638798.91033336
638786.810438252
638756.405965116
638759.902888838
638752.29833303
638747.01663795
638745.707026739
638736.571183047
638740.888636351
638743.240402507
638735.967391932
638731.228098981
638716.834631023
638704.344371235
638684.804488366
638679.108892975
638664.956203459
638644.873800924
638635.796907341
638627.528706149
638620.73990001
638622.642794907
638612.260451162
638620.829603939
638627.26747737
638625.245491297
638621.144127243
638618.170293973
638610.148674371
638613.147278306
638617.881067402
638609.285778762
638607.175900481
638596.526944639
638592.881661895
638586.869056088
638581.255205002
638579.275556554
638572.118996705
638573.497045215
638565.280216283
638569.308824946
638560.550393375
638566.533380442
638557.765514344
638565.057626597
638556.801409505
638564.84277704
638557.586094622
638565.928239
638560.105314335
638568.424470656
638564.400464267
638572.501614686
638570.566116825
638578.375549101
638578.740893237
638586.285878839
638589.092247181
638596.47370053
638601.801114801
638609.159132087
638617.043775434
638624.521483324
638634.977545609
638642.686019573
638655.726094544
638663.708519568
638679.36132843
638687.565299903
638705.89541537
638714.157861362
638735.281887561
638743.32231584
638767.418217862
638774.841345592
638802.151034744
638808.459464443
638839.286928163
638843.905392432
638878.610703057
638880.914753923
638919.899169677
638943.051498855
638960.195609561
638988.325612615
638999.993583785
639033.812515534
639040.620894225
639080.682926807
639126.349099345
639156.120997136
639172.53042092
639202.383389537
639203.537125262
639241.223785021
639279.113397367
639308.023390427
639348.059099119
639346.786042169
639376.129368603
639396.689740454
639417.241599178
639438.472650143
639443.940512975
639455.816591337
639445.079493373
639451.015437847
639450.645974197
639449.853742385
639445.493589644
639430.226320523
639417.075702272
639393.940910109
639387.546342436
639384.915131606
639376.401492338
639370.389941585
639354.083143057
639328.097751294
639324.512378664
639316.572673439
639312.439348902
639298.998598029
639273.765347509
639270.741322343
639265.815018788
639261.219439758
639248.947458485
639230.164675973
639207.547542994
639198.795561512
639189.158151864
639177.233011283
639151.566821406
639149.076413421
639143.924723528
639137.934078142
639126.731248639
639099.405573577
639099.488116292
639091.946043505
639091.009954542
639076.71336158
639063.315515891
639039.118527007
639033.539815957
639026.854582408
639020.617712604
639008.540104603
638980.988865847
638982.214127135
638977.469585601
638979.978854998
638971.064674645
638962.770288056
638944.457372413
638920.689139169
638914.653684415
638909.208494639
638904.688763329
638891.689223732
638876.407814516
638851.880126852
638846.249014989
638839.118809014
638831.564214475
638819.30696545
638791.140911735
638777.675951474
638778.621562688
638785.670974064
638787.932314971
638789.728066027
638780.810776369
638758.374653404
638748.702929428
638717.848859458
638714.742630644
638716.613057726
638719.146919815
638709.371460314
638704.813314918
638685.231805561
638686.071474242
638675.150701571
638668.552910253
638653.289618777
638633.094847276
638623.33373753
638608.37196626
638609.581846475
638594.461667226
638601.502173843
638596.997875558
638593.782603638
638591.421686942
638587.583169552
638591.063791819
638584.536084941
638593.611351139
638584.576037409
638598.820487841
638587.565696187
638606.395440772
638610.733972469
638614.47642641
638620.762263218
638623.768291775
638633.075763216
638635.14353894
638646.809595044
638648.408295317
638661.771597432
638663.42007286
638677.856782793
638680.09778271
638695.053193784
638698.427587988
638713.441743419
638718.463595157
638733.187275273
638740.320838567
638754.520811586
638764.162778884
638777.71770273
638790.187176232
638803.073259913
638818.607518201
638830.87505979
638849.632276444
638861.374951713
638883.442338762
638894.76317488
638920.173277781
638931.15244148
638959.903349926
638970.566973805
639002.644599264
639012.939863914
639048.341142671
639058.118028439
639096.870497602
639105.87173692
639148.051330022
639174.76073064
639199.952376607
639229.476074192
639252.682445241
639286.453831506
639306.822731027
639345.300551422
639362.100951839
639405.752879101
639464.65794709
639479.171027939
639529.720320012
639528.693635206
639581.351689321
639614.915548234
639672.965057394
639722.115498795
639729.012450681
639770.334926452
639793.340513279
639833.393906934
639865.024066691
639890.254209981
639904.828278479
639896.132595466
639912.947803649
639918.121580608
639932.781402332
639939.71557292
639939.691764544
639933.303766364
639914.687551336
639912.7148448
639902.9929984
639895.395444147
639880.058887988
639853.01131534
639851.669522627
639845.573127671
639845.25395962
639836.39875108
639820.88601219
639797.145164515
639792.036676418
639788.565816825
639780.447148037
639770.832858228
639745.095476522
639743.480903393
639735.964377912
639731.978083008
639717.037177621
639694.589678039
639689.173965988
639684.21845361
639675.054870102
639661.734796061
639636.632165757
639633.461203213
639624.071213685
639618.637964643
639600.083721634
639580.216267764
639574.729629362
639569.788271816
639562.391384795
639550.886044521
639525.047846336
639524.518662438
639522.285533107
639520.786781655
639515.943427576
639501.633849492
639486.316785712
639462.312199274
639458.130056104
639452.082696729
639448.977720055
639438.855443868
639422.830957938
639400.150800457
639395.117736668
639394.17587616
639387.408565538
639382.759237277
639367.530072028
639342.328120181
639339.44913154
639331.601997905
639327.987330457
639315.197448698
639289.790262248
639287.58783382
639278.838690634
639269.922667946
639265.734169126
639252.653801194
639253.703781448
639248.99003565
639237.657885733
639225.661480116
639211.879772087
639197.344842083
639188.283199645
639175.574394291
639151.280701862
639146.483779589
639141.788106218
639123.202960291
639126.250793348
639118.518563219
639113.160001872
639099.571460084
639076.219311701
639071.994484863
639052.402831981
639061.258125058
639057.753245455
639062.081795599
639054.252581894
639051.254290334
639039.232111416
639041.50845066
639027.413672337
639034.971915255
639030.584816869
639029.490364298
639025.684708586
639025.745877133
639025.778806305
639024.630118497
639027.795102218
639025.785036473
639031.327367997
639028.872400241
639036.036466225
639033.606213521
639041.67964148
639039.77547617
639048.128874282
639047.263379269
639055.385284914
639056.060835263
639063.576373113
639066.260655042
639072.937600452
639078.045930426
639083.790406004
639091.672590314
639096.510176063
639107.442361909
639111.489089899
639125.672794634
639129.099812211
639146.668781766
639149.662504547
639170.693422152
639173.413019541
639197.940149738
639200.480231428
639228.517221868
639230.878695729
639262.439124135
639279.570062611
639298.275002389
639317.106337808
639336.160451405
639359.005966943
639376.485021783
639403.640865474
639418.874596598
639450.652439334
639462.941122809
639499.656263132
639508.307666642
639550.272113289
639554.640414549
639602.155562793
639649.461767059
639685.734920867
639701.99615443
639737.419722767
639737.851480313
639780.111554815
639818.881452838
639851.36983848
639892.258105792
639922.252181308
639916.069889144
639944.664396157
639957.231989743
639968.939279773
639986.703924642
639996.362916458
640000.529836382
639982.984126684
639987.527653992
639983.76748538
639976.040210198
639970.495932291
639957.371051613
639936.70781143
639934.620045603
639932.833125133
639930.683860002
639926.22714423
639910.30391817
639892.140477635
639874.560742803
639883.022785221
639890.961336668
639898.278597395
639906.041270993
639905.731237803
639894.918497561
639874.096561167
639870.701695747
639868.862029252
639862.527664322
639851.970366032
639829.375593972
639828.157606507
639821.702054027
639817.108966438
639801.21951982
639783.107346115
639776.634531118
639774.467965428
639764.822537488
639754.59467952
639732.799142359
639730.939601363
639726.225985698
639723.598803488
639713.23531106
639689.881020802
639692.749943591
639691.473361246
639695.753904439
639689.996615431
639683.836940607
639668.194274926
639647.665441565
639644.56278242
639643.131266484
639642.268189816
639634.060202287
639623.065490524
639598.549237924
639601.587780922
639599.834635143
639598.626701392
639591.611942583
639576.017256178
639558.234860514
639551.331549649
639552.447908155
639548.23742116
639528.759143245
639525.25308326
639513.219209382
639488.427035456
639483.976802325
639473.549128974
639462.186310127
639449.711948642
639453.258360849
639453.682900966
639459.854728651
639456.616438064
639441.700909107
639435.174089484
639420.449542289
639402.391768896
639395.029881879
639400.400015034
639395.857105182
639395.678178676
639386.497994777
639390.776457835
639378.894396812
639388.600971126
639386.678094838
639386.995757306
639386.685844703
639387.155843186
639392.356447287
639390.654265455
639401.206132348
639397.491522458
639413.078455633
639407.568490412
639427.728325873
639436.602058299
639445.343267364
639455.189020803
639464.490813868
639475.577576292
639483.887796105
639497.665829795
639505.291642157
639521.150683565
639528.465276638
639545.798369178
639553.228554731
639571.463306278
639579.473198161
639598.100164574
639607.173100427
639625.767061947
639636.383650465
639654.61630141
639667.235577675
639684.88083811
639699.921199478
639716.84660757
639734.669706158
639750.82402553
639771.729027578
639787.123560255
639811.343808931
639826.023914027
639853.72679684
639867.742220013
639899.038228219
639912.416030586
639947.372405861
639960.090387713
639998.746365307
640010.711539089
640053.097343644
640064.132309974
640110.287294578
640140.625302266
640168.348120583
640202.181977067
640227.468877049
640265.651712876
640288.263461893
640331.126745462
640350.403977015
640398.288042395
640460.69462554
640478.476399301
640532.765587701
640534.952837828
640590.98231423
640629.505654236
640690.950210218
640746.679576925
640757.431040436
640802.510245339
640827.780949462
640870.312961929
640904.233975679
640931.879391358
640947.766441037
640962.287576595
640963.012673022
640968.369360698
640963.656414339
640951.550804709
640934.736025444
640927.568004578
640918.194841654
640892.970276912
640897.828614943
640896.36592058
640904.818630495
640905.393219198
640897.812803345
640886.952537916
640862.125160465
640863.70410351
640861.429160359
640860.331205036
640853.804313387
640837.398614459
640819.691894703
640812.363364797
640810.942776265
640803.010125038
640788.861079023
640767.807598134
640763.536590461
640756.282074815
640747.931435147
640724.646629887
640725.504691007
640720.900611308
640718.239076542
640705.352865717
640685.355362874
640681.792875088
640680.261678241
640673.494354338
640665.19117329
640641.60547079
640642.480822796
640638.511261511
640639.010235926
640630.863131955
640618.023747646
640595.839312341
640594.465311096
640594.313961876
640592.533465792
640589.396319247
640575.085262183
640555.0994426
640552.524487004
640557.450946309
640560.39117105
640556.572509044
640548.450784185
640531.245052266
640512.669866628
640505.72044336
640506.728593266
640503.074358735
640491.372816838
640470.033960259
640466.980224455
640468.017894181
640465.863039911
640454.523587779
640438.81723604
640419.764671203
640410.926372228
640394.107484083
640396.381110791
640389.505270977
640379.365378822
640365.198186178
640352.515392735
640328.934469448
640328.363442202
640315.375994826
640323.898146656
640312.429739596
640325.422492132
640325.49622705
640325.896689708
640327.612298869
640326.548655075
640333.297198774
640329.108954332
640341.140003857
640333.870742099
640351.349624343
640341.100985929
640364.075375815
640372.486998948
640376.890698491
640389.768055755
640390.961042232
640409.159969006
640407.894922834
640431.110590106
640427.694738373
640455.458877143
640468.461117005
640480.462728475
640495.756279754
640506.904229939
640525.385166202
640535.718329534
640556.752243167
640566.745639906
640589.663652124
640599.834886251
640623.971263861
640634.85634579
640659.585692492
640671.71442867
640696.484415328
640710.35635737
640734.712417162
640750.775223562
640774.375386611
640793.008673595
640815.629119325
640837.135127908
640858.663412227
640883.262501269
640903.680737181
640931.516043595
640950.877440542
640982.026332455
641000.424934686
641034.914570993
641052.451169133
641090.278684118
641107.027868903
641148.183172245
641164.163873562
641208.65261474
641223.802887223
641271.664853064
641304.08852808
641335.589747928
641370.558814808
641400.677081491
641439.704862385
641467.53964407
641511.032004893
641535.94699264
641584.32439342
641605.67076209
641659.350751703
641676.501632685
641735.881501139
641805.868843206
641854.195310358
641886.680928729
641934.399281202
641947.783087545
642002.646590561
642064.867547214
642129.28194719
642176.475157003
642191.689146316
642235.839968408
642279.999565479
642315.826595436
642363.789973816
642399.069411315
642428.309648357
642446.38804516
642462.815866947
642466.346141328
642473.754430822
642471.31075747
642461.181443942
642447.258234521
642420.904708274
642419.984018478
642418.478691655
642416.470457511
642413.781256753
642402.087971647
642376.064640902
642377.11397117
642374.329303574
642376.817582862
642368.617256623
642359.272560808
642333.690215714
642332.846589424
642326.779364068
642323.955756451
642311.409782366
642287.604187407
642284.93375901
642280.334518703
642273.908597362
642261.503315738
642236.729215625
642234.069255137
642225.72802063
642220.060793463
642202.117388305
642182.176031768
642173.241357635
642170.460626546
642161.948352184
642147.241921947
642122.877494286
642119.020031198
642114.551351418
642108.601873456
642099.229160783
642079.643030921
642059.212608454
642050.89204019
642050.553004746
642046.253748637
642036.329970619
642020.753591896
641995.520287642
641994.276209771
641988.532072241
641989.454244725
641977.452959487
641968.026546865
641943.679754208
641940.757156044
641938.314801009
641932.615144378
641926.596828109
641910.261916263
641884.916484749
641880.275071676
641870.544113605
641864.6623351
641849.412900107
641826.17662518
641819.526824228
641797.425580526
641802.536340568
641794.374275438
641789.395328103
641774.925306518
641753.704280291
641745.239582847
641727.494821223
641729.174696692
641710.545951058
641716.349287138
641709.049343374
641702.659011441
641696.660418635
641689.292395828
641688.048779629
641677.896839868
641681.708278889
641668.804852594
641677.89219712
641662.313875606
641676.778919474
641677.433515115
641688.357888819
641682.73047597
641684.670805275
641673.903651633
641680.180262838
641667.334564445
641678.635565824
641677.229868926
641678.164551644
641677.821244377
641679.616433236
641683.053767992
641684.005596482
641690.539286948
641691.109388785
641699.971826854
641700.674407044
641711.061849055
641712.439163909
641723.561412337
641726.156970247
641737.284075203
641741.616772143
641752.120145082
641758.661954265
641768.047252628
641777.206804426
641785.131723498
641797.239167264
641803.514462201
641818.815374671
641823.396810927
641842.057406617
641845.024494467
641867.139648893
641868.659210459
641894.264640514
641894.549269018
641923.64300478
641938.260033943
641954.082164818
641970.222047715
641986.277522213
642006.231629304
642021.12385753
642045.084227709
642058.602686976
642086.768517331
642098.61734337
642131.19826705
642141.000029429
642178.216491063
642185.52214747
642227.605686607
642276.330562039
642306.331132205
642328.02097721
642356.455213879
642365.097374161
642399.658306925
642442.944859473
642484.342661262
642519.751350672
642539.880643834
642538.091692154
642557.607180987
642572.713183173
642583.567376746
642596.378637721
642599.014658949
642593.130899357
642579.772128964
642576.26630859
642568.860369192
642558.691997932
642544.16179751
642517.957725582
642503.485768638
642507.727945501
642516.287446093
642525.428918912
642530.774907812
642525.427310998
642520.073531589
642504.526131065
642481.317339596
642477.473219043
642471.361146476
642467.551389486
642452.413301669
642431.651649084
642425.706239022
642425.384411024
642420.369592543
642408.387930023
642384.191747993
642381.99678441
642377.233921691
642371.429608313
642359.339817219
642335.078740027
642333.214439919
642327.27463609
642322.743930758
642309.439309585
642286.242169821
642283.972665109
642280.169944968
642276.799360667
642266.3033611
642250.449839061
642227.032964931
642223.849007507
642217.144855039
642214.711774689
642200.580617348
642187.133965943
642164.277814309
642160.125416042
642155.361289197
642151.241881145
642141.902487467
642124.356356898
642103.994473633
642097.179643003
642097.107375628
642093.117966708
642082.451837384
642066.146401121
642042.946064873
642040.017897288
642030.662615009
642028.265294444
642014.807923265
641990.835677062
641988.10611926
641979.732979941
641976.165690167
641963.108886798
641940.533975753
641936.350505977
641914.512526435
641922.777588427
641917.568563318
641915.01711746
641903.040950823
641880.14118654
641876.561242659
641855.799915172
641864.230392221
641859.438313595
641859.414828711
641847.951430246
641841.925617214
641824.636654009
641824.876688355
641804.398070612
641810.377161499
641803.637784815
641796.100212787
641792.539058123
641783.415322348
641785.775508157
641774.112236595
641782.263884513
641768.247513068
641781.891598812
641782.222408887
641782.337377133
641785.16467112
641784.404808957
641791.687015185
641789.186012762
641800.351400272
641796.375655116
641810.769762448
641805.662384846
641822.586564955
641825.893108365
641834.93920319
641836.197719049
641848.180751778
641850.646039427
641862.705684551
641865.987659314
641878.502760599
641882.277413525
641895.659584935
641899.675466031
641914.352749906
641918.424917956
641934.823401392
641938.825881691
641957.355972996
641961.209077373
641982.251748564
641985.905818469
642009.802706676
642013.217580923
642040.260885158
642043.383114395
642073.811774908
642092.287894068
642111.274016125
642130.988426681
642150.973660245
642172.722471216
642191.492160042
642217.600043504
642234.734305023
642265.392178696
642280.459500956
642315.800096246
642328.370801361
642368.477110869
642378.136321009
642423.056476049
642474.414533222
642506.963877135
642530.769913044
642561.288927859
642572.0065693
642607.968764474
642652.870719221
642677.37430632
642722.725185995
642731.189812229
642755.743731622
642755.194129965
642782.98117617
642810.317688142
642828.443222986
642855.037428312
642851.892175623
642869.112883565
642880.363182007
642888.806408155
642897.37705629
642890.504716237
642889.934583748
642878.223080203
642871.978370236
642863.109592676
642850.502680424
642829.585741322
642827.242881666
642830.400163495
642831.579081553
642825.803561063
642815.531750676
642791.048844722
642794.580345015
642789.343996712
642793.47754059
642786.326489997
642772.039019552
642752.034383027
642747.729636603
642744.620018764
642736.958717513
642725.416203447
642703.061701215
642701.841454975
642694.604340758
642690.389944521
642673.480468918
642656.39986727
642649.401162975
642646.749691218
642637.041468502
642624.504100525
642602.811788452
642600.360227895
642594.441596609
642589.61522722
642575.715709154
642555.407858984
642553.491148154
642551.309602415
642549.293262792
642540.325508464
642526.523694434
642504.718900966
642503.993387658
642499.814319738
642500.139495458
642489.168838228
642478.465131
642456.811629352
642455.72731485
642452.812315184
642451.541428178
642444.104280312
642428.730584515
642410.332261686
642404.836455872
642405.918634544
642392.691937244
642397.013948908
642392.123823976
642387.78473949
642374.237149012
642353.848989356
642337.065639428
642342.677318503
642344.68761543
642352.437977985
642350.686690996
642339.732070534
642321.081231894
642311.957003057
642302.304205742
642295.589021257
642292.900488521
642290.864729372
642276.240331024
642270.161391463
642253.91794727
642246.757195987
642236.405632539
642228.982078058
642207.706038236
642207.181466132
642192.60149568
642203.911548939
642189.696897325
642207.088513732
642210.493990404
642210.084281987
642217.79717939
642214.108732797
642227.21082287
642220.79319163
642238.824930182
642254.118934524
642259.265331303
642262.560616551
642264.548683988
642264.200665119
642269.731827087
642268.078462415
642276.6500434
642274.139933802
642285.223347259
642282.335122545
642295.400372871
642292.621821071
642307.163211761
642304.972757486
642320.532746843
642319.380160781
642335.56467948
642335.852449532
642352.340804426
642354.412451269
642370.962683748
642375.09807812
642391.545560693
642397.960992659
642414.207240449
642423.057522616
642439.052279807
642450.440899492
642466.163348813
642480.157252149
642495.592619844
642512.237737454
642527.354549024
642546.694613272
642561.423968708
642583.517331805
642597.7349847
642622.671349732
642636.187991517
642664.102470159
642676.658391744
642707.739044164
642719.002896015
642753.491335996
642763.065360826
642801.254855747
642808.688759109
642850.91774737
642877.58221223
642899.871721168
642930.679434592
642948.634080189
642984.786545253
643037.179242299
643050.641750141
643093.621175552
643093.640236402
643139.504332473
643168.370493514
643218.662209657
643261.587974118
643267.286268091
643303.369262792
643322.013289302
643354.744327741
643379.03927817
643396.499140073
643404.40006444
643394.46463974
643404.864039789
643407.205412474
643410.297410387
643408.722698005
643397.231385799
643386.68395207
643365.594052079
643362.767512391
643362.513832277
643357.894197855
643354.580402675
643341.298234797
643317.056233789
643316.96751515
643312.063145178
643311.323664384
643301.339891915
643278.024444966
643278.758958538
643276.01137028
643275.497927351
643265.025399612
643250.561016908
643228.536938192
643224.48713884
643214.937808636
643207.904349918
643181.958333223
643184.638850265
643178.137927014
643177.364378638
643163.715679281
643143.363332337
643140.360946143
643138.717164365
643134.005875894
643124.853253626
643100.448399995
643101.592143121
643099.79591589
643099.018307869
643093.264222395
643078.920377954
643057.649266896
643054.66301384
643055.225804727
643051.550235995
643048.356827552
643034.975007738
643012.011768763
643010.703123124
643009.890257911
643009.903702716
643003.645536782
642992.611459557
642967.136941234
642969.477484746
642963.953062852
642967.067720472
642959.505456372
642944.574332633
642923.370979769
642917.596796955
642903.033606998
642909.469581731
642909.555037392
642905.555819239
642897.945402359
642874.551449232
642872.872637149
642854.736981651
642863.872802372
642860.396138467
642862.865945601
642855.882953984
642840.525430582
642829.219445955
642800.028449762
642803.318641093
642801.969931122
642797.699366462
642791.327708348
642785.159298142
642775.355121418
642774.770116945
642761.631837734
642766.837432335
642767.195073597
642761.132953677
642753.358582573
642746.176541449
642735.651037635
642734.668242997
642733.392443279
642721.31683704
642715.167761267
642701.811804647
642694.805217637
642687.137302675
642677.661800598
642675.171989068
642663.611920453
642665.608604079
642652.441131672
642658.095348999
642643.87166885
642652.274500792
642646.927830747
642647.420130342
642640.032521942
642643.839804173
642637.317004164
642641.732846548
642635.501741651
642640.914251578
642634.516003087
642641.286375256
642634.393948154
642642.84732429
642635.266277492
642645.684058803
642637.343935298
642649.96378578
642640.898914103
642655.916182215
642659.246182023
642664.92136931
642667.7365126
642675.479042034
642679.233525906
642686.321860815
642693.417037267
642699.804416276
642710.464691376
642716.072968253
642730.479825156
642735.181723144
642753.479990624
642757.088300387
642779.394767499
642781.654370381
642808.067649692
642808.655389555
642839.268397758
642837.799018882
642872.711757353
642893.709471619
642907.720687613
642933.112828952
642942.631257225
642970.969520419
642976.381924223
643010.046155651
643049.604200199
643071.764783899
643086.313801884
643107.498670502
643109.208871607
643137.198838
643168.151790893
643186.30639594
643216.213226225
643232.834089659
643224.345680561
643238.029480986
643240.073897492
643248.095870046
643249.141805397
643240.892830362
643231.166383116
643201.311614121
643205.465765163
643204.973089527
643203.999796702
643201.970130028
643186.995538383
643174.802156076
643162.689406523
643152.543122117
643133.758353451
643112.185477827
643103.495627969
643103.128174535
643087.715393489
643090.492411114
643084.291119808
643078.410266659
643060.989378045
643039.593429088
643031.305104493
643029.207275507
643021.634381598
643007.19225161
642981.950209652
642977.351601002
642969.438149796
642961.249474848
642944.490082034
642921.179818437
642913.957927468
642907.040908038
642896.472901399
642881.301479336
642855.326430165
642851.46300682
642841.989856553
642837.288636389
642819.62010867
642797.503110741
642794.338378282
642790.171404948
642786.378475404
642777.405593743
642762.525385768
642735.563614319
642734.400458574
642727.958543849
642728.449880587
642716.449103037
642706.361912699
642679.914508371
642677.658134283
642674.047233892
642670.492646611
642664.125324973
642645.933731906
642624.34030491
642620.965680038
642614.66972406
642610.626482777
642595.91729435
642580.146036668
642557.536147802
642547.588083474
642528.61363461
642530.543618932
642523.833915512
642514.562392218
642499.779659876
642475.946616601
642468.018639848
642448.094425918
642451.113276401
642442.334402228
642438.78048153
642426.07926473
642414.548580156
642397.299026315
642390.741025129
642370.032038901
642368.618942108
642355.940231134
642345.982263443
642334.261239695
642324.229975683
642318.123841129
642314.885914686
642304.736223031
642282.312522159
642272.037926949
642238.490831658
642235.184442323
642226.583257406
642231.128827861
642232.805783043
642242.39638132
642241.840843212
642255.883401149
642253.285184779
642271.074617468
642266.728248838
642287.49007938
642294.027790237
642303.866929451
642309.430665825
642320.625312734
642327.582116607
642338.296103417
642346.155796965
642356.845147991
642365.197763072
642376.364834944
642384.892949578
642397.063254943
642405.545106243
642419.242676432
642427.546666221
642443.269343109
642451.340306478
642469.539826668
642477.3814774
642498.447657941
642506.095848882
642530.342575054
642537.836375596
642565.498139703
642572.853728847
642604.088398601
642611.273751262
642646.171794606
642653.086862398
642691.686517617
642715.273011226
642739.015283216
642764.993965578
642788.277475737
642818.301080727
642839.875635477
642874.111267265
642893.381265095
642931.987247096
642948.358748593
642991.49224535
643004.400750194
643052.222168402
643061.156581022
643113.835784747
643171.67410411
643212.174908335
643235.821891768
643274.636406095
643281.342484834
643326.133117499
643375.420172872
643409.466285983
643427.220060015
643461.014771206
643462.740719438
643504.117010071
643546.085949531
643578.409336472
643623.912744429
643657.8612952
643654.528061995
643685.371066244
643699.612178465
643725.538637247
643734.923410493
643754.051152578
643746.314717172
643757.721105736
643763.732060054
643768.320530614
643771.504198533
643762.215724156
643756.263939446
643740.270231741
643713.576746871
643711.085962381
643704.205925984
643702.616114083
643692.231300871
643675.803911174
643651.146232109
643645.814116686
643640.389636526
643632.575537125
643620.282055307
643593.481943556
643591.878018654
643583.765449674
643579.260542066
643563.249210551
643540.604665741
643534.438571586
643528.910845096
643519.654397656
643504.880276453
643480.663523722
643474.957165322
643467.634766746
643458.199424306
643442.886818525
643417.921874099
643414.041419153
643405.421317112
643400.711312112
643383.852999184
643361.99149724
643355.985805784
643356.208011275
643353.243347881
643344.796701365
643329.545961865
643304.39212254
643302.782173263
643298.114678977
643298.14973017
643287.889298919
643277.417218512
643251.50480083
643250.377981101
643246.80801525
643244.634152776
643238.537948157
643221.314253692
643200.896216408
643192.571125254
643194.410185077
643191.812691906
643180.830688065
643155.454381284
643136.437906971
643141.951931791
643144.665923325
643154.417264826
643154.66724776
643145.711968534
643127.291549677
643107.280209842
643095.250149125
643084.712003387
643081.805689873
643080.965558849
643065.250200174
643060.061684991
643048.07482285
643018.66465731
643022.324776105
643015.739962063
643020.211591622
643010.600538025
643007.958702394
642992.47963295
642995.453704447
642977.092974918
642985.675467885
642981.292212374
642976.307041407
642974.860093279
642968.556239783
642972.499618191
642964.019217932
642973.019425136
642962.670373941
642976.229257684
642976.819291445
642980.413959166
642981.395229765
642986.246189712
642990.367011563
642994.524728487
643001.136521938
643005.000325667
643013.427300989
643017.438793496
643027.018007604
643031.64479551
643041.761929351
643047.47658565
643057.595316981
643064.856315119
643074.543739284
643083.779229879
643092.718477509
643104.30855628
643112.298729906
643126.565070989
643133.515681582
643150.719243282
643156.633021837
643176.972195251
643181.916106853
643205.531538314
643209.607432762
643236.594703218
643239.906034625
643270.329007774
643272.946359866
643306.852575495
643325.702004178
643344.813976384
643365.843698039
643384.611675036
643409.629506044
643426.893438592
643456.170327501
643471.459204171
643505.266634266
643518.061794807
643556.664507635
643566.420854998
643610.074834247
643616.247629147
643665.198286135
643667.266718722
643721.746217997
643756.893784138
643775.998658306
643820.965007483
643828.878922737
643880.232063596
643933.619973212
643974.556814388
644031.98251377
644074.673397938
644078.434135455
644115.052872236
644134.804815216
644167.842252096
644192.262072851
644205.925551931
644220.424876051
644209.234842782
644221.327473335
644223.399738222
644230.344304647
644224.411121717
644223.632329247
644212.701690016
644188.247527323
644190.111072839
644186.606706362
644192.017826236
644189.332897158
644178.376723243
644155.103414606
644155.795227246
644157.91877081
644160.297694559
644156.134277491
644145.224061645
644121.591640996
644122.529386617
644118.055705982
644117.20844432
644104.917885965
644084.479666552
644081.567347911
644080.262073097
644073.701084206
644064.091986563
644040.35314549
644039.751128185
644033.351202939
644028.571612567
644013.98809616
643993.579566999
643989.914158358
643984.833150085
643979.735941628
643965.336503061
643945.545368489
643941.302248259
643941.484201094
643935.287855445
643930.477888839
643915.066781196
643893.983465722
643891.067540729
643888.362277181
643887.1661033
643877.695234366
643866.146151924
643841.230488117
643843.88957473
643842.008004303
643841.563903989
643834.82177525
643821.266160008
643800.981191889
643797.368664073
643798.914739286
643797.267434464
643787.886315385
643773.466267468
643751.072601489
643738.965954117
643740.543639359
643746.35173499
643746.25334519
643745.196909387
643731.421291946
643724.258373277
643702.897200056
643702.00318325
643688.972214856
643675.448621223
643658.32298398
643649.094487136
643638.489415548
643638.497681351
643626.967877491
643631.427223507
643616.855227785
643625.878863895
643622.261675327
643619.782919134
643617.688158327
643614.335375905
643617.442732521
643611.22042865
643619.721419169
643610.681019873
643624.638644906
643612.90497148
643632.229064815
643637.361599573
643640.180461635
643648.821460531
643649.518599009
643662.949063301
643661.632021909
643679.395493985
643676.417202303
643697.920460431
643693.729908762
643718.277775759
643727.769408188
643739.586316508
643749.067384196
643762.311426118
643773.280743386
643786.886601429
643798.791868172
643813.205732613
643825.541980082
643841.211184107
643853.540978243
643870.895739654
643882.862850038
643902.300451737
643913.636988294
643935.511058168
643946.038189169
643970.651465468
643980.268839512
644007.867009087
644016.534315382
644047.306979336
644055.023042738
644089.110397589
644095.888853694
644133.392055522
644157.99835228
644180.857062316
644207.446569539
644229.92633906
644258.345994089
644279.293108788
644311.859350997
644330.937389776
644367.862162498
644423.052570596
644440.199287297
644482.798765979
644489.42948887
644532.174775213
644535.670238777
644583.582268736
644613.991292891
644633.902193646
644671.665034124
644683.90869212
644727.603723183
644735.099178516
644785.02328853
644836.592989701
644875.815317977
644895.176056153
644934.024536289
644936.850742047
644983.021374351
645026.544972362
645063.207603526
645109.62909327
645111.601201804
645147.620090996
645167.475455894
645201.06305201
645225.956124221
645243.497659557
645252.942328339
645241.040762278
645253.771726016
645255.552625394
645261.764058636
645259.748308333
645251.112422487
645238.065459235
645214.569635606
645216.309503928
645211.05988246
645215.07139234
645208.656402909
645195.5919688
645174.328296178
645172.465957455
645172.48226845
645168.840352031
645163.700927512
645145.778729001
645128.906589503
645123.994996695
645120.581417591
645112.2872239
645100.765885249
645078.202600358
645076.66316259
645069.790626162
645065.214177047
645048.587662254
645030.953078452
645023.671620136
645021.21621509
645010.196433339
644998.55054233
644977.770040562
644973.435341858
644966.857860366
644960.336123898
644945.628389868
644924.496547348
644922.028422372
644916.777828137
644914.408167578
644900.523094816
644881.049216518
644877.534232201
644881.383471519
644882.282519696
644875.710854742
644865.134797524
644839.911273955
644843.39007568
644837.539170956
644842.767617564
644838.663657777
644824.427897089
644804.720121208
644800.760508393
644801.336535914
644801.66438083
644791.53155502
644777.133893075
644769.451965934
644754.650676851
644749.912097295
644737.559317608
644720.706587127
644715.767470182
644705.293510795
644684.882405351
644681.968145244
644665.87968009
644673.544671998
644673.942642631
644668.839065292
644660.013643545
644652.104962575
644640.012972986
644636.393291697
644620.946616529
644621.566495416
644603.050492756
644607.891772388
644599.882387804
644593.530173469
644586.457733261
644579.688789435
644577.15360314
644567.984041445
644570.079961897
644558.708967428
644565.431553796
644552.107558022
644563.332394765
644561.539321505
644562.103212772
644561.342061752
644562.624115326
644565.866020535
644565.998530204
644572.871171248
644572.145176601
644582.159225508
644580.926407556
644593.50076863
644592.163980505
644606.65636735
644605.655055986
644621.398581016
644621.192674851
644637.532614585
644638.581333414
644654.907969349
644657.651179911
644673.432426421
644678.277670783
644693.083598212
644700.392785938
644713.907238024
644723.986605722
644736.008638425
644749.104108244
644759.539815431
644775.839557295
644784.685033746
644804.32477696
644811.638629055
644834.711745111
644840.585495541
644867.158043923
644871.682907816
644901.809290289
644905.04410848
644938.78398296
644957.687895174
644976.50061938
644997.574327938
645015.471192619
645040.764792943
645056.529094603
645086.372732975
645099.529993489
645134.256184581
645144.28748584
645184.218201447
645190.581256501
645236.021123407
645285.206008416
645319.208661065
645338.508502027
645371.55215412
645375.812770422
645415.631443543
645457.622467364
645487.435257958
645531.198939438
645533.282682779
645563.087917722
645586.427868345
645605.859527361
645628.455932974
645640.244853482
645642.940367871
645632.414281044
645637.030628164
645636.080237477
645633.721244088
645627.205814466
645610.663524973
645589.611163779
645583.634302837
645586.855748249
645587.229379092
645579.320489289
645567.70501344
645539.997115015
645540.894567182
645537.132064533
645535.619641235
645528.450776391
645511.96697023
645490.571142536
645483.708194401
645481.641807124
645474.732283413
645461.911554148
645436.473532765
645434.112651373
645427.342305332
645421.408071598
645406.579925052
645383.534158301
645378.462390952
645372.591039047
645364.05934294
645349.861326672
645325.21724879
645321.73271451
645313.36775318
645308.192690354
645290.894751402
645269.908973301
645262.659002638
645261.850980677
645256.791132817
645245.533635192
645227.641896612
645203.909641029
645199.418150607
645192.058801916
645188.923676935
645173.679208133
645159.895073202
645136.464396076
645130.77051978
645125.986686197
645119.210372297
645109.851483842
645088.733664639
645069.689962441
645049.018891079
645053.188673842
645055.629864555
645054.205961795
645057.019475845
645052.045473074
645037.122422493
645028.536451116
645010.530934807
644992.235210913
644980.127323937
644955.412145568
644952.746796214
644937.488764085
644944.411473675
644928.878898796
644940.788401206
644938.916726922
644934.276947075
644934.62127049
644926.360988899
644931.121478831
644919.032954078
644928.183440167
644932.475508188
644928.73184205
644922.798004494
644916.631550681
644907.27876963
644906.18504098
644906.739985952
644893.697582292
644889.602659931
644875.02880993
644870.454184321
644861.813390911
644855.071967435
644852.376275803
644843.682795629
644846.71723719
644836.330040443
644844.654270434
644832.87572593
644845.848191243
644847.695297096
644850.616559602
644852.870115982
644857.306962208
644860.293357544
644864.266816214
644869.246840099
644873.03419908
644879.21281572
644883.13466324
644889.771395023
644894.183007973
644900.630535252
644905.910404726
644911.648335947
644918.188257122
644922.844483257
644931.037451181
644934.395722919
644944.624340424
644946.617393013
644959.241829612
644959.929310625
644975.276940601
644974.813421951
644993.172927795
644991.769114443
645013.387579203
645011.265478679
645036.347999451
645047.412658357
645061.070140267
645073.406115616
645088.241922543
645104.754284611
645118.718378281
645139.670654693
645152.445531163
645178.048758808
645189.228433729
645219.645312235
645228.750346088
645264.102268867
645270.598196255
645310.973778894
645314.294755509
645359.763536038
645390.157616849
645408.93393252
645445.865048746
645456.989717331
645497.532502093
645547.342247222
645595.573387088
645639.293449765
645664.186785783
645666.207562505
645689.116108105
645707.504281797
645720.781153961
645736.839984291
645741.975221329
645737.620990811
645725.399978648
645722.644871855
645716.905005313
645707.101927315
645694.634691016
645668.924257431
645667.479336309
645664.597464355
645663.148268791
645659.29811661
645644.100987302
645631.133689491
645608.019431548
645602.541632927
645599.411976506
645592.353252186
645584.921344451
645567.293763573
645544.489185026
645538.193690138
645531.463241101
645524.562002038
645508.049092766
645486.628888472
645479.335346572
645475.177437885
645463.974158896
645450.841665956
645427.050041517
645421.785341771
645410.793417757
645403.287637557
645383.51558231
645363.605717845
645352.30542999
645345.971652856
645332.175175263
645308.997698845
645306.293364584
645302.592365385
645298.68825497
645287.891798453
645271.454165354
645247.491721749
645243.856398628
645236.182889758
645233.373626017
645218.014367774
645204.276519301
645181.176882796
645176.246489359
645171.552523177
645166.724302545
645157.577301176
645139.602416073
645118.685602777
645111.801953317
645112.03425523
645108.628938474
645098.403555139
645082.906376146
645058.352163022
645056.402660423
645046.815348739
645045.476734531
645032.869260196
645008.562721364
645005.792049666
644996.633767926
644988.75516833
644983.618608807
644972.104173559
644972.220534842
644968.112781881
644955.595669791
644944.679501953
644929.471747975
644916.296185643
644905.533267687
644892.644751137
644866.828262853
644863.037709037
644847.801095657
644849.761905597
644844.470510333
644840.142908627
644836.461887545
644840.806455213
644831.024541213
644829.031033788
644813.220602607
644817.246162392
644814.392045251
644806.850934957
644797.399830775
644788.386285349
644777.503158665
644774.196954526
644761.2648115
644763.378352423
644762.376985457
644752.147450397
644746.707675984
644733.833007765
644728.695058588
644719.849968438
644713.814967459
644708.331561771
644701.776540596
644698.898993553
644692.241426209
644691.173345813
644684.857032748
644684.810501249
644679.286891022
644679.529087782
644675.240900253
644675.137711491
644672.503321568
644671.549783402
644670.947890975
644668.788048737
644670.550082052
644666.984313236
644671.387491385
644666.360131184
644673.623524657
644667.200845877
644677.490662434
644669.829831014
644683.268226843
644674.577524318
644691.254535874
644696.271530483
644702.537478113
644708.023163045
644715.730110547
644722.860278509
644729.638488141
644740.754820444
644746.399128362
644761.735265302
644765.956261448
644785.730930161
644788.156817932
644812.573752088
644812.760725185
644842.01267091
644839.463405154
644873.73531229
644892.338526255
644904.471518078
644928.362951381
644964.573643506
644995.422991337
644996.500592059
645020.237091406
645029.598835414
645049.365986217
645060.059508288
645062.978134058
645056.485481085
645045.191376904
645020.396103973
645023.361382415
645021.590611377
645019.394497656
645013.1513342
644996.614190091
644978.656606583
644972.157867601
644976.142269679
644975.988263484
644967.660670192
644954.753976602
644931.327426551
644930.374297948
644928.161159062
644924.492086653
644917.907773383
644899.02653248
644883.166272254
644879.018984617
644874.192935065
644868.793890013
644853.944394927
644835.479107139
644829.617891928
644829.135907523
644823.076978583
644810.591908906
644788.997228048
644786.627370004
644782.134947017
644776.207995838
644763.298286372
644742.317102314
644739.86086076
644735.199329192
644730.256449043
644717.319825934
644696.442016012
644694.773317822
644691.563042687
644688.988931542
644678.104597444
644656.805809019
644656.618861954
644658.32307181
644656.422061458
644654.617132548
644642.450815589
644620.742167797
644620.532555161
644619.674597279
644620.680091583
644613.478824677
644603.516705999
644578.865663116
644582.527194732
644580.918480821
644580.293069096
644573.277493894
644558.624328537
644539.982805077
644534.789333864
644535.621496935
644531.926656486
644520.607167184
644500.04506184
644497.651547696
644498.427457929
644491.029210739
644485.656632044
644477.97404531
644473.197810657
644454.998106376
644441.078567086
644438.270477336
644418.924517458
644427.094086211
644423.606160758
644413.89791097
644407.632144612
644392.25643294
644380.378382643
644361.038770462
644364.129713585
644362.203153748
644353.698633105
644352.373775525
644349.105190963
644336.086312889
644335.818118738
644328.554505671
644321.813542901
644316.799563125
644309.291182366
644309.592369855
644299.876312421
644305.245134879
644293.548684695
644303.632509937
644301.423581646
644302.78283077
644300.852226462
644303.339848281
644305.228698877
644306.187861936
644311.472759028
644311.054997948
644319.264154961
644317.684853248
644328.318833754
644325.861340265
644338.418624513
644335.432479926
644349.430931361
644346.319513305
644361.314347039
644358.521586362
644374.123979467
644372.118104483
644388.005316393
644390.324072734
644403.697685129
644410.786655623
644423.006199732
644427.912671416
644443.86287044
644448.912268771
644464.650529503
644472.40923641
644487.827468169
644498.611193644
644513.601991325
644527.66763995
644542.112510491
644559.659323158
644573.414256886
644594.586363458
644607.469498403
644632.36644756
644644.15304233
644672.843458357
644683.260877464
644715.796082132
644724.524529752
644760.956631068
644767.63589671
644808.034084755
644832.952781196
644854.484808148
644882.78943183
644900.668422995
644933.608143155
644983.318364907
645027.942500673
645039.138565426
645072.234586129
645064.565416107
645101.881297277
645122.025242656
645157.722428041
645184.510108486
645181.252431484
645204.134186404
645213.329394976
645231.14942358
645240.577158396
645240.09498872
645239.293947587
645229.227524809
645203.912338356
645207.085734972
645204.207302902
645209.838622023
645207.515931429
645196.948343844
645173.784727533
645174.286935737
645177.875553844
645182.262138017
645178.284269569
645171.292082979
645152.312085851
645135.894971507
645131.562922205
645126.82221912
645121.091419786
645106.758180592
645087.057859216
645081.82337094
645080.033587645
645070.858590352
645060.934330867
645039.012797428
645035.948520836
645028.862628465
645022.952629121
645006.607649118
644987.304701009
644980.946717986
644976.046512612
644966.780129466
644952.205287088
